958
159
735
179
802
839
0
31
210
399
656
260
70
42
834
949
703
370
455
777
406
209
388
150
299
458
187
62
13
548
825
192
838
111
739
221
53
702
65
663
307
966
916
528
20
503
114
30
85
740
929
126
260
561
904
122
972
86
89
750
523
970
616
84
16
789
795
443
647
663
655
913
424
975
105
491
786
211
724
905
3
251
492
47
786
92
692
643
946
931
556
173
605
711
194
331
912
739
809
259
894
726
157
611
701
689
802
60
121
440
685
181
999
16
199
808
876
317
13
833
946
334
587
130
215
887
451
746
553
428
100
743
205
589
517
135
202
345
184
142
9
337
709
607
738
687
36
775
171
830
591
817
912
268
581
391
967
908
151
270
170
553
2
573
951
485
611
380
58
521
192
652
81
834
130
111
719
888
641
487
46
268
106
823
264
823
619
826
677
510
997
143
17
588
699
228
566
262
867
996
861
753
934
765
290
789
98
94
219
896
269
976
843
528
957
535
425
948
1000
796
165
26
944
310
452
595
324
436
916
725
147
854
299
406
339
433
834
390
16
965
509
574
20
338
350
221
252
699
577
450
15
782
302
913
763
91
263
280
307
869
905
220
874
784
58
792
72
137
330
805
227
932
296
548
303
555
551
388
66
972
687
238
991
268
307
521
855
97
255
299
967
84
336
477
400
546
953
533
689
901
235
76
953
47
435
638
554
566
598
464
942
24
771
809
558
882
294
124
312
392
73
809
353
732
23
686
641
61
326
187
34
547
521
277
485
494
881
542
213
587
54
484
634
897
406
995
197
769
71
191
232
909
282
277
347
991
147
844
947
888
688
112
914
205
595
903
620
122
892
764
937
686
375
551
117
596
507
956
12
232
189
912
284
117
697
540
1
269
874
337
227
947
603
583
991
73
473
528
350
246
483
794
72
599
645
544
836
953
330
427
765
617
237
968
518
934
962
100
136
150
203
779
334
504
841
162
946
426
206
702
801
679
134
539
375
806
565
81
202
724
750
203
158
440
393
561
431
890
376
691
184
591
92
94
681
394
761
318
888
870
549
95
419
23
740
8
980
850
683
734
349
942
772
890
367
778
218
687
280
548
981
76
287
363
806
865
119
497
955
290
3
857
883
909
413
216
814
237
619
907
