0
1
2
3
3
8
9
12
13
13
15
16
16
16
17
20
20
23
23
24
26
30
31
34
36
42
46
47
47
53
54
58
58
60
61
62
65
66
70
71
72
72
73
73
76
76
81
81
84
84
85
86
89
91
92
92
94
94
95
97
98
100
100
105
106
111
111
112
114
117
117
119
121
122
122
124
126
130
130
134
135
136
137
142
143
147
147
150
150
151
157
158
159
162
165
170
171
173
179
181
184
184
187
187
189
191
192
192
194
197
199
202
202
203
203
205
205
206
209
210
211
213
215
216
218
219
220
221
221
227
227
228
232
232
235
237
237
238
246
251
252
255
259
260
260
262
263
264
268
268
268
269
269
270
277
277
280
280
282
284
287
290
290
294
296
299
299
299
302
303
307
307
307
310
312
317
318
324
326
330
330
331
334
334
336
337
337
338
339
345
347
349
350
350
353
363
367
370
375
375
376
380
388
388
390
391
392
393
394
399
400
406
406
406
413
419
424
425
426
427
428
431
433
435
436
440
440
443
450
451
452
455
458
464
473
477
483
484
485
485
487
491
492
494
497
503
504
507
509
510
517
518
521
521
521
523
528
528
528
533
535
539
540
542
544
546
547
548
548
548
549
551
551
553
553
554
555
556
558
561
561
565
566
566
573
574
577
581
583
587
587
588
589
591
591
595
595
596
598
599
603
605
607
611
611
616
617
619
619
620
634
638
641
641
643
645
647
652
655
656
663
663
677
679
681
683
685
686
686
687
687
687
688
689
689
691
692
697
699
699
701
702
702
703
709
711
719
724
724
725
726
732
734
735
738
739
739
740
740
743
746
750
750
753
761
763
764
765
765
769
771
772
775
777
778
779
782
784
786
786
789
789
792
794
795
796
801
802
802
805
806
806
808
809
809
809
814
817
823
823
825
826
830
833
834
834
834
836
838
839
841
843
844
850
854
855
857
861
865
867
869
870
874
874
876
881
882
883
887
888
888
888
890
890
892
894
896
897
901
903
904
905
905
907
908
909
909
912
912
912
913
913
914
916
916
929
931
932
934
934
937
942
942
944
946
946
946
947
947
948
949
951
953
953
953
955
956
957
958
962
965
966
967
967
968
970
972
972
975
976
980
981
991
991
991
995
996
997
999
1000
