939
226
415
487
687
890
257
660
690
327
447
327
315
441
374
968
211
661
938
330
646
493
117
619
969
326
907
331
481
104
492
954
227
666
842
982
462
859
75
955
845
745
282
480
599
490
660
439
172
755
140
845
168
688
877
44
563
839
256
240
473
577
311
518
6
854
697
855
959
375
607
806
366
543
290
829
205
718
54
448
734
652
899
732
269
173
175
764
398
451
929
93
903
420
788
348
923
201
584
484
117
605
62
364
844
34
350
643
634
383
65
136
475
762
221
163
676
120
298
545
328
114
166
224
639
787
710
723
649
902
331
873
114
11
712
551
561
594
479
358
786
826
675
456
328
845
169
18
678
571
414
4
230
421
177
212
278
494
163
810
544
72
648
813
18
506
539
219
149
820
492
737
616
626
989
328
241
170
515
36
784
597
233
770
654
762
795
38
801
177
191
822
305
926
782
34
445
609
896
307
245
687
654
17
793
763
900
801
828
677
396
979
380
455
666
629
486
481
131
242
224
444
449
176
629
912
174
366
212
604
162
994
145
700
339
80
351
765
740
199
27
120
973
781
384
744
475
692
599
38
236
78
265
35
859
652
863
886
117
891
1000
693
401
858
465
56
686
593
350
872
938
290
763
238
82
711
902
560
935
544
512
156
752
671
992
978
270
539
666
254
410
101
4
155
10
32
792
799
253
176
531
186
675
431
592
903
898
525
883
654
486
405
46
984
568
173
479
741
111
802
662
142
14
54
595
503
387
360
343
970
679
555
970
834
542
730
368
275
584
623
778
587
393
281
980
248
480
922
469
393
47
230
95
540
711
533
969
636
578
552
623
770
330
714
736
116
193
199
893
965
954
206
195
888
398
126
706
414
847
591
24
761
639
603
491
463
755
195
807
998
936
342
76
716
967
58
548
672
7
919
576
183
119
433
557
204
381
994
888
838
241
352
184
579
995
834
306
109
535
738
936
734
779
643
748
795
393
565
432
625
738
181
87
905
156
573
753
468
11
194
113
926
112
29
623
655
428
136
590
14
227
45
976
849
44
704
936
618
115
943
374
750
174
658
18
14
757
166
802
43
409
454
556
285
440
254
302
16
117
177
637
208
451
352
2
356
947
266
851
583
1000
787
978
621
796
548
534
475
883
180
500
887
796
69
628
890
387
623
133
74
758
231
647
370
927
395
202
443
631
719
270
25
924
734
121
772
428
742
30
474
426
161
85
703
155
62
634
227
962
855
626
776
219
338
378
987
130
570
528
623
834
256
193
374
438
620
614
853
900
969
792
583
864
395
891
100
888
336
434
460
671
943
551
760
202
461
804
506
954
92
353
888
533
31
501
314
419
639
852
783
696
963
645
918
912
62
997
748
467
835
93
579
176
314
594
518
895
639
769
496
355
147
133
871
611
317
609
934
728
492
473
912
622
610
618
287
186
393
894
531
95
698
542
565
950
990
11
545
628
147
648
800
18
49
56
0
505
658
126
891
863
552
15
169
451
111
596
357
854
826
133
709
362
414
231
536
932
731
285
497
533
650
1000
692
9
397
703
654
869
28
509
558
620
13
572
229
584
135
973
800
294
159
990
67
896
982
788
913
187
203
785
350
196
359
221
34
433
233
702
318
222
988
719
188
746
51
449
659
708
975
316
456
750
716
110
80
24
62
672
570
560
132
416
555
317
188
210
433
87
194
384
741
616
839
879
68
597
979
819
78
448
704
14
487
989
490
173
62
432
137
832
992
330
456
281
191
362
913
14
394
120
673
442
92
278
781
928
671
792
399
378
318
27
335
941
533
955
309
550
325
811
665
362
431
873
485
338
127
224
319
492
481
688
971
586
116
280
70
279
817
873
368
5
572
921
975
102
868
426
989
952
336
520
235
159
65
307
56
48
172
876
370
967
469
607
457
194
290
185
171
475
829
956
544
416
556
513
976
303
558
676
489
91
872
243
729
577
149
163
689
43
237
26
353
884
502
15
721
981
980
710
917
846
685
393
346
816
663
753
100
797
615
120
69
342
175
642
470
82
176
28
745
771
488
780
42
469
251
26
733
637
595
375
663
160
179
424
115
562
121
813
673
940
155
983
449
386
112
14
384
914
31
208
578
160
503
288
851
378
65
383
998
502
748
169
445
289
78
835
263
817
147
741
735
855
554
942
957
878
330
950
155
737
148
383
698
271
426
411
987
362
134
118
709
210
407
198
134
857
273
613
432
205
104
118
203
83
603
797
693
95
407
986
381
297
664
263
920
955
128
369
615
916
642
208
911
350
53
344
593
897
937
605
651
468
660
721
25
239
665
115
683
602
17
263
729
82
579
244
526
509
362
401
6
938
919
230
651
119
840
924
833
513
683
172
493
121
938
166
337
669
831
898
33
897
81
186
93
976
911
66
419
332
914
421
700
386
607
17
134
984
743
338
169
530
722
846
228
111
677
578
618
107
78
225
90
73
923
73
751
908
848
467
277
582
764
674
654
937
807
315
885
330
724
739
380
153
14
983
985
473
391
235
846
332
424
922
594
477
425
818
517
523
913
839
713
833
244
391
405
633
239
440
899
126
882
674
859
625
429
426
899
982
517
237
656
822
82
209
834
361
191
539
903
825
111
886
429
727
191
449
226
550
402
933
798
573
608
752
771
879
899
156
276
814
578
150
494
409
620
361
807
540
696
246
269
839
92
279
374
637
101
21
278
446
722
215
994
763
748
293
213
194
579
950
748
198
336
670
778
941
113
363
372
48
441
488
988
268
303
316
898
316
292
239
770
421
715
249
836
338
752
990
368
861
998
35
423
79
952
277
46
934
308
566
412
798
115
10
590
147
147
572
909
561
54
846
112
569
139
187
772
143
837
557
661
825
221
750
49
769
135
891
122
226
767
340
980
230
751
416
931
502
138
558
31
861
809
852
76
640
156
35
503
882
135
395
912
351
0
195
165
600
307
528
263
642
33
740
462
977
874
816
340
1000
56
379
760
60
264
193
949
692
481
305
141
777
861
244
499
678
934
894
258
589
753
959
322
639
787
148
736
514
667
488
781
613
106
390
615
10
571
387
686
749
542
672
364
221
453
835
509
674
623
443
925
87
779
359
901
971
994
945
318
818
123
537
4
269
74
849
302
227
481
186
74
457
638
628
572
439
745
553
899
492
825
176
17
441
869
975
508
339
71
152
531
21
202
541
707
513
479
574
867
550
501
239
885
741
91
143
43
136
113
90
644
229
611
816
811
645
843
770
715
54
39
99
651
72
986
217
688
157
735
605
849
793
49
742
26
458
406
318
93
165
634
102
902
580
527
127
150
998
6
86
310
688
675
73
67
386
835
75
1
942
303
852
439
405
612
97
707
58
425
41
226
170
242
864
167
493
740
582
616
762
315
302
457
731
674
979
439
505
546
71
118
188
851
757
642
124
901
571
586
237
484
646
294
255
886
927
424
830
204
6
669
817
526
484
852
247
803
991
853
753
508
266
77
460
405
948
420
636
6
945
934
593
569
565
655
629
682
776
307
15
811
242
818
315
354
44
877
535
55
212
974
893
857
481
646
213
512
895
863
227
559
176
783
286
473
989
323
270
74
484
252
703
548
804
767
343
631
401
756
779
813
336
207
782
632
954
472
457
389
567
332
443
881
56
91
689
952
518
132
580
990
367
660
422
655
530
579
571
458
628
718
706
995
290
854
27
934
996
243
408
87
89
626
745
140
859
893
48
879
827
887
35
991
646
44
239
779
244
825
913
365
116
142
243
218
903
260
644
80
648
843
146
641
397
131
163
518
4
456
138
405
312
521
854
437
95
195
413
130
408
745
182
466
228
725
177
956
554
987
710
762
336
504
273
225
894
981
959
350
710
439
918
110
752
253
639
640
707
331
51
643
780
404
747
614
953
627
804
685
836
951
23
197
528
970
566
318
105
209
272
295
652
48
185
164
965
744
44
15
339
256
767
125
70
848
188
559
563
637
588
54
205
591
758
290
390
644
635
851
341
911
787
484
616
193
237
479
459
249
428
244
379
517
329
419
598
256
955
102
274
324
822
31
641
24
117
788
443
755
580
364
342
392
381
680
157
639
522
869
98
782
509
428
395
556
331
555
945
103
17
256
897
192
275
63
300
196
998
433
216
503
645
167
948
332
786
430
256
171
299
201
751
261
18
242
794
875
836
910
615
312
532
396
494
843
860
230
176
41
635
125
910
222
876
494
739
940
240
228
974
744
293
559
947
677
365
95
478
181
35
362
689
411
487
419
36
124
276
405
753
639
270
71
41
539
779
658
709
100
150
666
107
639
349
393
535
236
284
286
501
553
910
449
479
690
366
902
63
292
680
407
660
368
799
949
113
520
970
206
909
546
739
590
848
625
91
681
343
529
496
155
724
590
880
521
190
356
800
252
332
163
329
157
332
65
430
52
260
836
839
81
105
1
711
260
435
108
580
79
828
679
363
246
470
571
466
899
571
692
227
869
481
276
245
840
664
181
344
462
910
915
200
774
443
343
902
504
818
293
962
83
734
500
545
459
184
612
942
30
571
208
547
297
680
39
870
51
665
934
344
188
437
97
952
479
95
758
939
874
303
337
135
183
750
655
657
207
87
819
994
647
1
805
777
385
290
897
719
963
118
467
518
336
823
798
731
251
921
894
893
801
219
506
398
17
166
809
921
575
833
449
373
920
183
923
708
439
518
477
38
471
234
7
891
257
306
651
570
165
120
24
940
756
568
332
110
534
530
788
828
470
162
61
557
614
613
701
562
380
74
753
464
359
308
21
81
708
45
681
553
469
897
196
12
401
681
768
345
139
298
735
791
786
561
676
401
246
611
135
649
902
829
197
672
452
378
366
962
3
770
445
471
739
103
393
459
749
878
345
550
863
502
264
802
552
919
933
797
243
982
234
18
624
466
941
42
770
877
450
307
178
439
199
480
37
910
686
699
316
123
330
197
507
392
619
88
93
179
240
328
95
668
171
123
252
140
922
310
687
292
391
460
136
899
49
757
70
449
390
880
284
679
878
447
806
106
827
770
185
2
940
928
512
411
446
470
729
136
52
220
86
823
168
981
815
535
109
152
343
480
227
530
650
763
190
800
581
317
858
510
211
416
459
532
581
402
37
276
395
522
366
189
518
29
781
305
333
933
658
855
314
42
475
221
385
207
675
749
901
892
779
181
318
476
464
740
922
940
562
127
145
805
178
959
354
500
401
401
152
532
291
36
553
109
125
218
595
110
95
446
229
548
911
512
572
921
22
466
845
89
427
635
581
589
243
250
944
498
537
425
233
283
83
518
899
249
42
141
667
495
733
349
589
510
984
751
115
824
756
598
505
336
991
88
167
232
907
423
773
622
182
379
189
300
744
421
612
279
116
617
435
968
538
883
718
167
295
316
323
259
995
657
57
241
716
117
395
500
265
131
614
461
975
764
445
526
766
825
535
921
421
938
332
369
291
92
217
724
865
456
958
947
939
444
820
100
327
341
929
224
321
978
693
255
355
239
392
377
591
423
243
455
372
715
546
435
757
304
719
863
589
905
326
919
810
708
418
598
967
29
768
958
139
171
834
542
718
276
543
409
761
179
208
384
877
541
177
449
840
776
32
398
403
537
439
165
8
793
955
464
350
758
402
631
2
185
621
825
573
817
691
969
77
983
948
82
498
640
394
903
740
357
308
931
430
24
161
303
273
299
153
131
924
63
969
208
569
410
558
218
700
929
63
849
752
308
185
453
606
525
589
148
111
144
187
507
141
494
372
219
834
736
526
390
21
100
404
345
29
812
216
112
300
462
482
950
570
867
4
587
535
656
535
57
219
136
964
272
513
183
121
737
566
182
519
44
19
299
608
42
258
587
398
824
161
704
514
931
41
266
8
418
742
95
543
675
91
894
737
129
180
94
785
267
153
940
678
572
491
19
591
304
978
821
290
254
808
36
630
866
559
665
472
379
959
166
617
878
678
189
568
394
595
654
219
464
237
188
799
774
367
207
638
795
905
142
619
548
657
594
363
907
554
432
501
55
352
101
609
29
7
670
638
451
181
365
921
886
579
645
84
437
90
51
459
490
919
378
809
745
178
916
462
931
655
796
186
848
679
710
378
637
343
510
405
410
492
468
179
646
211
219
303
986
769
641
350
342
205
214
137
440
47
605
48
201
838
509
763
621
440
26
945
7
337
69
755
765
364
596
238
71
596
668
946
141
336
621
347
928
423
849
891
435
304
986
774
25
590
499
762
364
40
967
648
905
189
546
163
43
78
425
445
362
783
254
375
578
707
846
379
108
853
646
523
401
505
756
973
406
61
528
172
850
942
991
300
200
804
638
851
470
510
340
413
241
560
401
991
575
931
40
432
687
557
797
808
531
886
647
824
702
221
844
592
282
821
752
346
540
940
194
935
619
290
82
173
614
618
349
381
680
350
453
698
60
536
975
1000
194
510
77
503
281
16
842
386
962
727
756
15
991
377
874
594
71
959
413
335
227
698
812
479
357
759
511
734
880
884
989
986
596
433
812
339
180
525
719
847
936
235
17
483
700
63
801
215
70
121
764
238
320
756
633
719
652
554
480
621
706
945
443
445
433
854
614
974
758
115
130
341
657
604
718
22
554
275
222
557
180
608
895
111
283
111
442
195
841
894
119
113
664
466
390
2
549
268
907
512
351
601
845
476
640
931
856
161
833
776
162
902
940
626
553
229
317
609
310
815
87
855
335
804
100
761
991
389
592
635
423
684
934
396
399
250
116
311
912
842
865
965
81
214
517
918
125
65
82
773
408
455
106
588
842
271
241
860
166
592
668
520
869
999
771
671
762
208
693
991
496
573
683
40
527
296
371
917
298
452
362
961
661
120
811
475
813
244
843
667
259
15
1000
264
574
901
75
514
979
604
3
525
10
588
686
155
798
945
904
906
709
735
715
525
403
100
972
283
541
750
855
119
685
638
583
129
150
924
666
78
838
550
372
932
303
1
287
568
592
104
118
168
609
928
131
966
39
119
876
322
94
277
73
341
590
162
843
461
147
854
621
749
522
175
463
854
324
964
577
807
669
29
273
150
512
873
691
85
696
502
981
603
970
931
796
800
509
179
285
843
713
877
935
289
266
784
940
707
782
820
977
817
503
434
540
612
859
393
219
150
879
321
569
989
750
583
479
460
22
318
161
253
240
742
175
3
11
10
119
842
801
264
893
125
943
654
662
789
664
450
940
42
128
561
410
357
764
37
396
947
408
408
118
221
33
913
140
891
65
974
635
701
575
495
376
991
861
797
604
542
182
300
138
417
681
265
410
751
737
179
290
695
301
629
857
982
959
727
513
802
753
437
81
970
26
374
779
564
817
906
214
518
557
652
810
858
119
703
271
538
451
134
32
108
348
671
786
632
101
551
518
593
77
961
682
736
461
581
406
40
710
107
881
307
479
820
321
34
29
517
148
568
401
426
279
716
865
890
683
291
423
938
578
288
375
61
938
648
224
770
176
823
439
777
181
595
846
882
66
862
661
886
303
325
447
128
126
327
494
465
345
253
418
781
970
228
972
364
285
66
357
725
277
667
551
685
549
322
410
835
119
648
579
674
764
86
474
23
765
189
858
552
251
141
768
470
482
231
836
766
757
225
255
518
821
849
908
162
920
837
446
754
896
260
323
593
978
80
50
763
141
143
215
442
211
71
998
53
67
750
241
582
631
384
319
664
499
314
332
250
394
55
398
946
804
273
60
357
469
637
78
14
609
780
120
719
29
800
136
384
506
22
416
712
91
986
618
277
241
837
271
860
893
617
540
104
904
129
248
838
497
351
453
626
587
595
77
409
155
884
367
286
52
234
204
790
886
813
539
227
872
175
451
928
809
39
631
469
564
297
281
219
709
233
721
779
217
148
196
147
342
841
688
706
100
672
722
341
976
144
449
295
761
228
529
572
670
873
570
981
113
420
156
160
798
870
732
144
16
216
849
324
304
298
566
866
834
879
6
943
198
911
347
332
489
190
756
246
790
863
55
436
506
480
122
942
158
575
298
41
538
952
326
247
371
153
594
427
885
814
684
372
923
853
523
413
496
711
629
902
927
98
240
648
968
951
341
630
545
552
851
588
25
37
496
298
143
729
146
641
990
4
616
772
700
674
211
991
741
47
547
137
942
176
386
596
659
954
541
231
725
45
93
865
66
846
455
84
152
932
37
507
647
706
560
800
928
198
251
58
357
221
470
360
448
349
520
587
328
416
673
846
136
499
663
64
254
589
188
598
513
402
174
928
770
53
827
790
501
529
738
302
309
178
572
937
475
689
95
410
969
223
568
827
546
713
779
654
840
482
224
373
581
681
215
868
344
225
933
902
470
200
684
254
49
942
902
356
121
237
640
494
475
380
595
933
701
997
908
525
388
895
292
641
610
354
227
507
87
591
259
284
696
339
670
457
171
767
31
381
208
168
421
59
299
163
311
491
991
330
413
154
439
510
977
484
406
217
337
400
102
873
708
229
507
816
508
613
71
301
723
206
943
939
93
281
107
280
126
546
99
515
214
760
155
479
376
999
987
428
395
628
531
301
358
325
357
403
889
740
598
739
575
613
565
445
363
440
435
22
953
19
662
335
443
453
990
576
757
442
234
665
624
959
216
770
119
616
480
933
47
335
716
977
684
127
13
184
637
78
345
425
864
867
923
709
97
400
328
360
209
398
555
279
281
2
354
994
392
757
543
451
413
523
154
771
301
176
575
406
684
160
80
421
751
232
391
850
702
976
160
323
307
924
530
457
310
366
150
663
723
170
310
376
267
215
69
893
484
241
543
269
289
227
724
998
977
607
495
417
961
920
723
55
761
716
579
371
1
811
479
600
458
204
290
652
399
269
698
285
760
19
875
999
910
549
855
352
36
981
242
680
414
491
165
393
72
259
612
339
644
408
537
917
402
282
400
906
765
639
12
219
774
574
846
43
332
288
201
49
210
5
872
664
95
630
200
579
197
986
684
979
184
696
500
171
475
69
617
605
141
535
381
451
952
494
708
230
327
649
300
179
219
143
511
317
188
108
762
421
195
431
656
363
884
838
178
521
366
618
636
213
781
580
219
375
152
52
344
921
309
37
152
507
885
830
837
658
680
688
664
442
889
391
847
182
972
772
676
883
190
533
525
347
71
965
651
184
327
356
925
167
988
217
877
639
782
626
725
938
21
276
251
42
520
77
694
893
303
374
44
85
146
122
382
929
189
604
159
24
171
508
564
872
28
466
371
167
897
377
911
792
781
85
61
653
405
272
405
877
16
612
940
30
172
556
995
348
759
295
247
150
786
762
980
937
705
730
963
839
282
365
642
401
300
785
478
890
592
487
616
599
187
702
276
844
602
19
488
614
505
870
93
80
330
676
141
427
558
782
70
701
716
470
340
643
352
660
386
715
515
119
49
763
487
261
888
34
819
874
990
513
912
353
205
758
680
273
936
724
53
376
856
261
354
322
252
252
797
767
831
590
654
605
167
465
835
470
180
651
916
810
280
766
878
122
79
702
80
194
816
679
232
407
883
647
389
462
107
974
236
88
673
632
187
578
830
353
60
226
790
435
349
4
454
182
374
58
854
165
809
855
462
774
373
61
773
758
706
491
777
721
672
693
244
771
652
27
949
782
555
297
236
983
597
275
571
818
97
703
967
294
823
604
435
276
646
981
860
422
537
233
925
731
161
887
2
904
593
448
149
969
930
482
583
896
812
240
315
129
129
417
813
278
423
876
834
392
766
409
849
553
121
890
668
721
474
375
193
53
229
3
419
151
672
764
89
940
480
472
652
134
590
538
399
511
908
350
953
428
656
357
470
309
357
193
233
45
746
415
500
524
102
680
771
741
800
468
873
200
77
654
480
563
296
532
1000
747
226
106
934
944
95
755
138
245
460
568
611
851
138
970
701
57
733
439
894
483
521
417
556
241
724
738
295
16
419
150
815
253
638
781
428
906
382
608
604
469
621
280
210
233
494
871
330
989
283
379
813
610
889
89
934
257
842
97
839
125
135
591
625
972
367
722
248
852
988
153
615
801
657
602
520
394
991
969
330
402
207
889
543
999
453
773
621
231
812
688
757
701
288
649
447
668
263
147
28
37
210
18
569
929
674
960
761
796
799
294
708
287
909
804
748
326
925
720
711
94
628
200
259
896
40
877
192
97
450
300
875
600
834
373
171
563
720
96
543
318
740
209
191
699
397
563
394
227
827
308
435
876
554
216
772
357
535
736
321
150
987
604
26
711
784
91
91
593
440
225
523
417
940
566
888
908
947
366
407
448
152
194
816
864
783
368
595
386
546
761
500
17
524
822
512
733
784
901
618
243
734
185
59
275
486
866
937
560
749
326
331
7
18
469
323
761
86
493
559
90
138
705
257
341
960
209
802
375
12
544
317
233
415
600
867
966
85
409
168
834
570
631
980
346
326
817
532
839
478
788
680
544
323
706
639
372
93
673
468
852
755
935
686
928
860
30
677
602
717
456
762
594
408
694
95
489
413
667
776
95
867
969
817
940
713
438
869
129
284
925
840
36
66
311
812
497
672
134
892
498
291
383
896
548
149
316
6
199
715
356
808
414
712
423
328
749
180
267
997
550
108
641
657
620
424
394
24
72
332
821
239
320
306
838
409
405
221
838
283
131
412
279
453
713
681
371
726
878
511
410
564
650
13
615
733
263
381
542
558
903
859
407
430
251
501
894
455
28
254
295
390
995
98
48
265
107
307
17
335
819
63
88
252
683
974
917
600
759
230
910
201
508
461
775
818
136
516
210
161
596
734
579
347
701
427
648
183
64
640
709
949
814
423
686
544
287
149
46
179
181
653
602
959
840
197
526
46
649
546
184
280
752
657
591
385
530
772
593
191
559
911
90
480
3
57
905
379
653
540
94
424
50
378
831
704
434
632
139
717
440
998
111
849
766
192
396
599
276
882
81
967
228
179
264
627
591
978
921
807
670
644
893
985
478
841
72
836
571
487
127
34
298
144
338
845
690
330
383
606
414
540
156
544
530
997
942
521
990
385
542
645
89
110
173
862
335
833
221
938
425
305
190
473
306
786
422
843
512
543
419
203
245
215
855
968
900
58
602
387
987
339
363
139
676
401
727
61
399
165
750
429
230
100
375
422
993
903
283
669
313
443
3
21
63
723
371
950
904
863
649
199
895
405
920
612
367
439
554
253
515
322
862
227
427
16
229
853
495
308
363
59
427
434
430
183
303
878
207
524
398
364
564
335
712
313
849
126
428
273
27
426
750
114
648
399
825
986
961
967
710
314
784
316
590
370
937
958
704
152
335
704
686
633
66
235
275
615
42
136
609
728
41
544
549
338
246
819
756
