812
354
784
660
651
4
467
389
474
543
749
806
793
311
930
664
384
614
762
922
476
755
325
436
39
323
120
916
702
33
482
39
4
669
681
925
1
933
320
365
427
247
908
529
934
818
688
20
127
499
130
498
399
266
658
269
778
354
502
540
304
346
780
235
659
774
171
584
37
36
795
876
501
674
158
76
299
300
296
227
906
760
440
796
744
290
862
417
852
748
735
689
967
207
128
951
777
474
506
227
317
306
333
758
753
415
664
782
47
530
812
520
231
83
479
515
289
313
946
761
877
837
195
298
369
4
74
204
982
563
863
143
944
453
863
912
963
776
867
656
481
231
624
676
441
594
666
7
568
0
100
194
398
123
242
930
543
523
199
506
925
724
754
223
976
823
190
205
39
680
894
290
462
985
858
915
101
762
458
184
265
101
104
535
291
180
626
682
279
863
523
764
691
438
432
872
832
294
417
381
428
575
965
764
811
132
780
808
417
306
757
418
632
352
732
428
171
557
887
92
531
338
914
188
206
893
296
911
695
189
341
963
515
340
800
551
716
686
208
183
637
106
310
454
888
389
155
251
799
689
773
44
825
385
490
202
642
885
300
482
923
179
865
158
33
192
20
425
141
234
917
33
457
104
125
314
626
646
358
21
482
800
634
679
661
469
28
343
822
729
355
964
448
192
398
771
474
591
561
364
228
848
37
419
431
213
873
201
224
266
533
304
490
812
839
292
925
992
372
172
631
160
738
863
191
316
271
103
483
146
73
462
706
982
473
378
373
220
287
409
246
10
495
114
454
248
173
248
290
192
835
179
415
247
498
734
462
706
133
864
278
522
331
830
296
389
300
830
768
698
584
226
849
157
81
830
777
143
251
882
629
62
606
691
397
290
863
78
367
491
366
69
46
346
638
503
118
22
174
481
172
905
855
844
191
414
566
88
33
946
919
406
410
241
159
772
71
736
643
251
218
683
482
961
357
116
233
349
98
941
740
735
626
696
480
259
837
819
55
703
386
425
661
821
115
934
661
138
622
73
642
370
936
75
538
898
563
102
700
975
372
215
31
595
52
428
536
186
165
652
907
562
982
579
6
814
639
807
368
59
318
752
58
220
454
160
538
273
209
257
368
628
693
839
886
572
673
865
197
957
772
339
122
538
364
541
940
672
695
901
44
262
929
76
893
158
134
23
839
416
439
117
723
107
838
627
342
589
405
83
143
429
878
357
766
393
877
482
299
183
226
537
360
844
125
123
358
22
162
259
557
500
398
718
809
670
16
128
53
891
272
381
968
899
739
141
359
688
72
523
187
546
806
218
300
170
886
639
279
37
960
872
979
447
646
490
640
933
270
530
690
945
812
182
583
996
43
993
299
682
115
635
379
275
49
540
572
792
905
950
506
718
588
183
958
833
556
172
602
783
888
563
345
354
477
943
624
596
330
982
255
245
191
548
724
108
17
95
7
338
1000
869
314
780
159
741
331
797
726
715
860
283
802
407
945
759
48
56
861
731
382
856
579
764
912
660
555
908
620
381
976
435
513
601
815
41
234
220
318
947
381
186
766
578
3
602
648
743
35
767
598
485
643
947
711
42
719
938
94
574
27
703
782
604
722
647
360
333
237
333
931
264
786
681
264
796
944
949
260
741
84
61
84
911
617
76
585
215
295
829
859
946
74
82
79
169
245
715
947
405
858
737
378
10
642
222
296
964
942
416
635
948
386
592
919
929
278
460
36
649
969
160
67
711
665
166
273
169
447
622
627
826
454
936
473
636
501
674
209
906
590
51
80
217
78
570
456
236
477
617
207
853
116
55
45
308
181
127
929
254
843
202
911
899
468
187
37
682
170
640
160
154
160
882
767
976
659
679
214
214
343
274
955
377
573
830
634
839
889
573
171
601
509
214
173
559
823
416
312
689
114
375
524
853
11
822
133
125
384
977
279
835
696
274
251
731
38
903
594
967
341
453
103
814
487
244
64
287
333
107
359
105
869
691
298
664
996
583
290
950
680
806
711
561
448
479
598
276
482
703
11
829
788
965
199
832
187
616
908
11
111
226
468
188
437
861
511
676
862
574
431
20
546
696
954
261
12
678
428
143
547
575
708
941
581
457
721
836
802
292
115
13
974
115
565
917
705
526
626
309
665
814
236
103
964
273
235
110
709
494
512
133
962
685
639
103
580
342
117
154
703
788
587
840
844
403
618
890
845
602
948
219
171
831
276
68
301
164
981
497
170
289
365
625
941
927
311
306
559
996
435
172
855
67
120
198
165
913
40
241
717
188
30
207
265
575
423
789
720
902
211
933
748
71
653
479
596
827
179
638
613
666
722
231
217
461
816
876
299
564
101
537
283
468
83
124
353
321
254
52
580
836
958
951
919
402
598
948
338
453
55
188
563
381
434
541
154
563
482
636
940
283
330
692
6
619
375
779
774
575
456
467
850
33
661
23
691
300
386
579
287
321
518
959
365
854
844
83
838
140
46
129
511
909
920
864
264
720
642
839
199
983
237
368
505
188
582
457
9
146
573
123
676
298
314
764
512
385
443
522
653
40
955
800
582
95
139
371
746
653
494
745
46
232
726
719
945
528
205
307
167
598
490
440
255
511
767
143
444
779
352
101
610
97
583
789
266
222
735
593
868
15
821
609
881
963
384
25
390
718
649
277
202
483
649
403
705
251
183
262
954
237
724
561
744
34
640
841
633
300
337
874
172
22
197
128
821
670
408
236
293
769
66
633
313
718
153
809
34
883
258
823
589
276
151
36
525
375
575
214
109
873
870
435
740
411
291
485
950
614
139
650
743
943
54
100
260
205
97
278
996
746
484
965
65
624
74
968
263
347
987
583
890
930
952
279
592
353
268
255
714
722
467
825
872
659
60
779
771
746
977
169
480
66
551
177
667
135
183
4
515
789
23
947
338
809
308
93
96
355
198
316
336
499
235
480
261
400
789
42
950
941
96
478
936
860
761
203
655
692
828
915
490
54
795
531
400
101
173
158
377
167
462
752
219
930
651
407
350
620
606
448
683
100
973
747
764
840
426
943
675
107
423
488
456
923
776
702
4
563
697
256
719
692
159
757
353
388
688
369
839
649
947
643
44
149
740
972
730
320
282
363
160
42
854
442
145
500
211
866
472
15
352
573
970
884
510
547
717
542
494
17
93
598
719
270
703
533
561
505
372
126
888
402
741
900
885
330
164
131
528
375
918
253
340
605
955
662
267
261
691
259
800
786
558
267
716
873
323
124
29
968
401
497
38
879
649
738
559
450
393
300
733
441
664
954
1000
70
877
814
115
871
460
515
319
806
155
54
13
803
983
128
577
147
111
995
165
394
122
175
616
743
399
540
827
34
640
578
208
808
723
902
86
84
421
298
161
809
697
856
385
126
568
991
880
913
788
407
746
240
817
297
886
706
839
340
204
793
792
281
791
690
673
167
956
255
586
515
233
35
284
976
703
530
184
303
265
114
106
658
709
306
206
560
703
297
864
46
65
928
488
819
928
524
505
442
657
285
994
899
647
137
723
33
344
226
566
710
116
494
547
710
843
986
993
699
311
841
529
776
818
130
925
448
558
961
0
49
682
534
111
915
128
85
920
867
599
863
473
810
281
589
797
475
196
79
510
634
267
934
200
315
487
478
535
841
789
399
353
711
492
724
241
664
420
79
298
441
77
422
109
71
476
638
154
715
492
707
133
376
851
350
957
34
117
340
389
985
298
898
571
457
919
844
931
795
687
448
195
754
112
137
518
731
693
491
941
952
526
206
681
936
466
952
999
785
182
286
608
92
744
72
887
530
577
60
373
403
927
560
275
740
169
389
996
703
606
510
901
373
579
47
825
224
53
592
54
813
992
988
764
507
167
8
161
288
264
621
820
944
372
730
935
181
251
618
494
483
977
481
613
738
821
731
495
964
492
19
786
662
92
128
289
606
404
167
291
117
373
759
981
134
901
119
702
611
304
229
27
60
63
515
895
283
715
702
285
594
7
790
196
80
681
310
883
711
484
289
615
332
291
604
435
861
437
650
655
218
625
497
81
816
23
958
207
630
428
248
860
173
576
167
34
926
4
960
916
994
42
301
319
86
814
84
34
84
363
908
816
757
264
473
12
436
320
295
64
689
232
416
361
294
335
33
201
73
773
228
837
378
725
224
846
275
544
836
311
749
921
46
566
450
438
891
463
813
132
59
434
568
917
908
812
978
984
791
157
323
558
909
580
453
594
78
293
446
305
104
884
686
620
695
47
899
929
75
761
954
757
735
151
478
188
991
528
592
194
272
329
303
204
334
971
372
532
788
832
700
543
657
864
522
645
867
570
986
496
845
329
888
15
665
320
640
81
406
518
749
16
647
512
375
236
285
129
765
654
90
100
601
730
686
260
583
262
861
19
781
278
419
91
571
664
957
720
187
363
273
894
213
282
325
281
546
260
899
882
640
706
443
620
82
780
713
388
801
222
174
261
452
203
328
875
792
796
390
211
77
940
997
274
814
13
862
396
370
375
572
163
292
479
924
196
351
442
500
273
624
169
402
549
166
391
314
824
77
247
322
145
996
261
168
193
342
828
871
204
855
574
870
426
211
208
142
325
796
721
950
59
916
47
148
927
1000
561
241
799
604
6
592
769
259
732
480
507
463
347
922
51
369
157
430
41
982
987
147
603
893
270
18
414
868
505
929
642
840
442
998
786
97
619
431
627
729
111
628
795
619
600
454
686
548
129
872
711
197
163
329
129
109
808
615
933
903
304
80
545
296
171
407
304
741
593
365
973
709
924
213
772
940
430
679
662
201
614
697
873
362
757
325
913
816
516
515
551
580
722
665
500
604
707
131
809
85
806
124
175
858
864
658
693
143
902
486
753
217
256
204
102
796
856
933
281
185
453
259
943
506
961
376
789
532
232
578
100
950
911
546
121
94
203
101
756
447
707
350
352
469
628
388
525
545
28
7
282
106
955
65
934
236
554
448
516
286
561
806
730
332
743
482
623
500
195
315
514
472
571
237
880
724
635
847
217
284
730
374
96
83
44
733
904
181
772
557
20
417
543
431
402
311
727
707
827
230
482
603
275
148
661
514
191
544
926
693
619
226
704
734
437
148
836
547
193
517
26
733
274
730
474
537
388
959
279
822
618
416
503
709
514
622
987
848
981
199
293
453
932
24
393
564
960
760
943
189
511
87
279
258
296
183
500
573
928
239
220
161
23
76
897
727
274
161
811
117
189
569
85
981
531
684
344
33
669
718
882
639
339
312
447
585
553
803
19
269
632
921
174
701
625
15
911
0
579
65
57
319
411
46
609
355
371
461
614
901
321
62
482
83
339
94
810
229
366
581
98
535
899
480
981
963
960
739
806
35
831
565
712
469
299
454
534
795
391
779
174
426
838
988
289
822
761
722
412
686
321
390
867
371
311
6
96
919
928
350
264
402
224
734
233
516
972
939
306
560
922
122
320
272
701
740
972
172
843
780
475
332
671
883
932
774
46
113
7
902
201
467
793
643
148
393
956
241
417
885
546
858
87
956
77
418
371
528
729
378
226
51
802
332
742
399
783
641
282
838
628
509
627
119
132
178
596
16
497
169
904
819
461
753
220
619
604
56
684
430
694
514
355
428
177
545
343
879
194
677
603
552
714
510
633
660
664
213
564
640
167
472
381
314
246
67
259
242
600
508
263
301
343
392
886
814
784
432
169
759
636
302
406
868
261
750
639
668
810
644
468
762
370
875
891
901
495
294
160
645
715
120
924
673
903
469
90
32
600
961
208
885
676
555
306
542
921
58
456
858
448
964
543
256
12
563
970
967
605
499
302
247
950
181
77
668
750
751
268
733
812
511
150
416
390
4
547
384
399
155
700
984
313
168
248
274
909
90
58
669
180
224
891
976
65
819
140
899
828
700
144
295
215
785
787
732
767
648
400
161
864
556
190
748
401
663
680
152
188
280
907
837
443
403
367
165
993
914
942
382
41
140
282
738
625
708
424
339
111
825
577
507
355
479
362
703
382
169
971
318
704
138
978
879
637
258
814
472
230
999
123
437
672
168
489
624
281
338
286
776
456
119
632
824
188
751
671
163
1000
631
700
195
432
755
857
689
432
209
360
773
259
169
553
596
780
52
217
968
250
773
923
518
963
268
370
190
357
715
996
106
482
119
299
113
886
208
657
555
334
786
588
76
944
993
727
509
612
142
979
137
841
54
612
889
330
63
254
271
949
132
50
83
945
741
458
210
515
480
426
59
88
523
941
427
940
405
175
854
5
777
743
767
1000
75
771
962
203
264
809
219
541
95
787
121
801
542
530
341
118
351
552
994
88
877
125
815
101
626
874
236
798
187
348
659
726
484
358
467
576
498
26
584
614
927
802
631
161
416
940
982
245
315
166
255
779
125
524
72
886
61
642
98
229
407
906
692
471
595
284
700
195
171
776
214
955
92
742
317
248
10
588
137
604
482
557
762
65
276
595
795
760
210
555
630
353
173
209
724
550
289
814
425
977
370
209
171
61
101
712
76
798
632
260
249
466
483
568
352
719
976
280
234
608
572
349
667
437
839
136
503
547
927
973
785
398
773
163
627
556
418
682
913
462
152
28
99
77
381
10
697
782
407
417
210
137
549
828
603
375
271
57
572
719
248
957
200
916
551
571
777
582
362
888
835
225
916
663
715
57
572
66
198
974
208
135
19
283
359
265
292
88
767
241
171
400
282
536
285
366
279
865
743
217
21
245
770
800
646
34
278
813
694
695
905
99
367
271
335
614
934
818
959
935
953
264
152
418
252
461
748
375
840
384
479
876
153
751
466
39
348
523
33
937
532
38
410
454
136
768
119
744
834
924
101
114
691
410
876
486
484
869
295
759
329
781
680
718
93
891
398
343
221
421
188
620
928
831
765
230
933
88
526
730
145
716
398
76
992
83
123
623
307
691
545
936
964
426
686
54
661
43
676
60
559
345
823
55
681
803
377
923
249
614
810
486
395
424
618
924
912
211
1
548
970
57
926
328
988
816
389
752
62
891
951
900
660
634
797
844
457
85
925
735
556
56
226
185
453
783
519
819
465
649
850
94
534
704
588
775
575
979
141
642
806
822
317
331
731
763
654
402
697
621
257
989
212
862
946
668
435
437
762
394
530
591
143
614
793
380
309
930
744
880
656
923
598
338
225
999
796
746
531
366
519
565
304
523
366
617
957
845
617
346
812
153
751
974
404
380
167
250
396
672
253
829
921
571
253
462
385
117
599
542
60
1
626
697
981
110
868
456
970
106
332
196
848
881
450
880
103
999
620
307
599
513
517
887
96
744
606
141
669
892
514
461
278
605
213
822
92
853
168
467
326
731
885
800
665
45
528
949
569
812
555
771
7
2
505
269
432
188
405
657
23
911
448
575
532
914
875
177
246
595
234
97
905
282
453
506
585
210
377
783
892
303
731
502
969
130
652
756
162
643
233
26
371
558
752
114
382
513
507
846
750
329
447
559
24
27
995
606
361
435
779
349
833
509
161
401
982
741
763
95
419
249
402
416
520
422
118
887
514
237
218
151
524
600
510
238
355
335
156
738
80
684
818
389
727
416
22
821
612
931
920
412
136
955
867
538
67
698
498
670
642
581
231
73
6
909
359
99
823
83
174
294
77
234
785
826
392
377
562
968
396
461
387
610
956
922
125
66
308
592
998
630
414
103
792
650
56
127
65
90
513
66
788
828
835
76
82
166
34
509
2
310
745
161
519
784
133
930
130
36
139
734
793
721
319
835
77
382
863
895
743
550
579
404
139
460
890
329
131
913
154
106
450
989
853
336
665
620
449
785
194
253
968
579
28
90
594
683
98
646
853
31
452
615
149
940
685
282
744
636
280
963
450
42
796
212
602
169
74
806
105
726
891
700
614
816
730
490
130
837
607
91
592
940
110
626
231
657
96
769
767
580
706
21
731
176
630
676
471
135
808
436
641
828
968
939
221
770
704
680
377
179
2
55
696
13
395
533
619
78
172
174
101
83
324
3
815
762
140
960
438
400
638
417
833
413
250
524
162
814
452
833
251
686
240
963
735
44
651
300
801
674
740
951
573
821
696
444
443
850
23
935
892
229
958
875
605
453
545
403
942
771
69
943
41
835
735
737
138
625
797
317
861
267
564
143
594
616
930
898
180
698
388
175
531
395
687
560
932
975
552
323
103
323
156
231
316
15
266
201
104
558
231
799
392
443
252
806
69
858
591
353
322
175
664
360
276
585
180
256
748
470
764
242
141
415
721
552
826
928
889
491
503
263
739
196
397
953
163
398
304
902
611
632
803
169
505
679
176
800
128
184
851
301
378
728
400
663
89
800
415
997
835
454
784
179
395
602
195
117
309
199
912
473
184
801
103
991
700
240
308
770
470
409
810
104
201
370
985
759
808
311
925
771
422
60
882
176
477
155
331
241
265
712
713
82
686
573
150
781
72
479
691
353
293
244
871
198
552
185
662
877
551
280
99
335
962
809
125
956
362
447
479
9
72
65
651
421
569
719
232
917
394
558
188
949
747
662
863
990
172
19
776
79
28
154
493
714
660
131
140
461
444
931
350
903
150
427
692
776
275
468
897
421
285
779
413
896
941
697
105
380
132
961
143
728
892
47
375
276
528
799
756
282
28
324
598
594
194
405
735
430
140
920
864
362
124
986
639
886
858
853
314
171
734
739
968
882
638
142
641
144
287
331
913
61
250
16
725
365
90
455
513
71
299
444
925
266
953
973
702
365
256
506
504
472
419
137
743
709
516
102
710
598
276
398
568
903
969
478
990
505
815
287
505
200
595
93
857
521
381
890
906
943
578
320
902
105
679
395
157
891
438
471
438
482
355
229
602
772
683
662
309
720
346
271
840
533
481
6
324
781
498
648
935
798
853
641
846
12
954
616
6
30
878
80
24
614
815
21
727
910
432
411
172
539
566
846
201
409
932
814
783
373
771
327
752
82
606
911
698
661
544
171
89
56
785
460
914
186
280
340
386
234
706
869
539
719
168
921
735
198
346
43
393
711
959
583
511
331
768
72
744
449
513
112
125
631
483
242
703
177
618
529
668
746
346
879
751
654
566
285
955
705
453
530
919
687
13
50
461
865
571
976
106
116
600
570
651
554
585
564
51
752
842
117
208
939
458
396
434
776
796
15
652
577
220
820
638
91
988
751
851
197
467
781
646
142
116
163
936
171
891
481
584
674
20
221
98
200
314
891
410
967
425
877
796
711
759
576
249
13
943
501
839
446
26
369
868
160
860
408
878
780
298
366
796
709
183
958
788
225
258
756
597
963
457
734
445
655
231
984
775
244
851
315
395
731
846
747
830
361
18
120
919
34
710
319
965
29
225
843
995
413
617
712
919
759
240
957
649
21
755
160
468
691
507
814
210
585
453
452
50
896
76
823
947
355
937
577
48
624
814
202
609
281
600
215
212
16
370
823
360
890
310
560
723
777
429
632
603
362
220
960
409
288
719
153
203
329
604
911
601
702
296
578
603
870
211
864
129
470
599
931
334
209
647
376
977
847
769
819
422
638
259
89
59
835
740
267
186
124
60
39
670
99
605
132
931
144
153
799
49
333
742
597
40
212
188
955
616
580
216
250
958
621
338
412
329
15
951
248
561
887
284
35
707
687
163
56
442
407
732
120
978
703
579
271
567
816
942
193
885
390
906
34
841
557
780
652
632
900
80
512
64
155
786
727
476
775
794
974
781
699
766
283
459
970
768
938
525
29
400
954
790
835
321
913
959
136
372
100
368
549
689
211
411
262
517
106
954
517
621
347
299
209
489
512
480
219
746
520
958
359
450
464
8
18
207
674
353
898
274
13
837
426
68
645
198
741
778
740
243
324
981
891
957
679
461
200
375
645
636
292
245
219
279
724
792
4
469
552
130
636
922
27
137
802
149
663
817
734
119
166
472
261
326
966
233
810
471
323
738
945
154
282
13
331
282
918
874
216
81
641
367
810
932
555
78
159
411
72
350
396
254
311
705
460
132
995
28
668
442
839
317
738
518
678
33
134
964
811
377
844
997
294
14
946
12
200
81
601
785
43
488
304
961
888
848
522
803
865
574
91
341
94
935
964
349
234
136
194
851
164
716
251
46
535
810
44
867
160
91
256
558
516
427
860
986
804
554
929
578
336
335
95
83
238
384
291
581
679
112
602
392
138
506
387
855
458
175
990
98
632
478
685
287
608
780
699
960
570
128
441
437
444
921
283
440
620
339
523
365
117
624
388
872
697
473
181
736
644
130
951
120
219
946
284
696
17
480
95
293
707
438
514
9
911
987
243
943
198
259
5
977
444
103
922
306
14
352
960
610
555
195
792
59
339
438
700
589
432
692
369
90
147
816
695
479
544
143
965
788
950
299
30
723
742
669
324
360
884
798
846
900
950
298
476
662
627
43
223
752
934
710
289
49
644
967
34
487
653
863
238
749
270
210
244
848
693
21
868
246
122
291
170
443
287
680
473
202
343
904
207
861
406
871
486
375
179
874
494
44
445
383
64
76
387
249
53
437
985
360
387
635
977
44
875
398
128
802
165
386
782
118
464
390
940
458
852
680
366
705
348
432
442
615
57
410
761
85
31
326
712
279
685
558
529
911
917
148
550
252
254
259
672
652
677
514
239
608
949
892
859
720
590
112
875
50
858
679
492
706
323
7
789
681
937
316
104
281
680
209
545
652
165
113
588
239
807
17
27
215
415
161
755
175
344
632
99
665
528
12
731
318
52
533
352
682
96
386
678
4
379
134
433
560
455
391
355
293
492
198
457
840
375
767
6
232
266
527
999
828
971
643
78
266
730
425
167
513
306
325
278
280
464
423
260
380
218
594
455
808
463
777
508
615
839
21
822
862
952
235
389
204
323
816
998
924
655
580
34
432
296
680
395
576
26
425
215
267
493
185
432
269
945
802
403
149
111
179
73
749
344
997
427
667
375
693
215
613
325
171
198
629
801
887
387
523
211
246
25
36
667
502
297
557
59
553
7
438
201
340
707
202
135
760
16
196
967
259
132
501
845
564
748
129
953
186
886
835
614
657
370
61
884
655
942
856
238
453
239
765
224
360
142
60
180
92
212
791
396
230
227
511
324
214
29
702
700
524
201
200
695
998
283
191
451
440
534
554
628
969
471
611
810
751
683
595
895
83
630
373
829
958
462
230
292
577
47
765
206
458
734
199
181
82
562
649
243
240
932
160
490
519
943
560
506
593
922
420
668
251
849
693
702
334
692
810
99
12
874
295
259
65
371
207
474
110
171
940
110
937
86
200
616
385
161
204
190
437
148
396
266
449
821
238
130
703
67
877
326
695
