6
12
19
25
33
62
62
64
64
79
87
87
88
98
111
112
113
120
122
128
131
131
132
140
141
149
154
163
167
173
176
177
178
179
200
200
207
211
243
255
258
270
281
284
304
312
318
320
321
321
332
335
354
355
365
366
386
394
397
399
401
403
417
424
433
439
473
479
480
483
497
500
504
507
510
523
526
535
536
537
543
545
548
585
596
597
598
613
616
617
623
625
627
632
632
645
645
669
676
693
699
700
702
706
717
718
723
724
726
733
734
735
740
742
752
752
756
762
774
774
791
803
804
807
815
823
825
829
842
843
860
869
870
874
877
880
894
904
915
916
918
919
921
925
925
931
941
947
953
955
955
961
963
966
967
981
982
993
994
1000
