497
207
593
940
447
270
30
411
642
759
672
693
919
983
319
260
678
381
120
675
578
249
529
545
621
249
539
569
698
594
868
133
894
8
12
220
95
823
364
599
709
828
793
554
532
739
382
621
93
397
255
87
994
58
640
226
64
391
625
521
380
40
264
354
445
884
969
908
79
319
351
258
829
226
957
909
938
441
554
241
182
875
902
632
128
619
189
216
598
682
555
545
410
180
363
608
689
140
182
982
286
232
611
75
131
86
405
720
548
28
564
581
845
360
311
149
725
546
136
276
324
920
336
514
920
767
721
731
613
916
412
747
543
169
917
988
419
225
890
373
441
921
272
954
883
935
727
8
920
287
543
619
476
286
445
931
157
740
974
613
561
584
362
238
520
272
100
586
82
543
588
87
266
428
572
928
910
616
289
513
146
533
485
318
323
759
734
332
400
630
748
607
141
161
588
629
643
628
957
526
997
439
0
320
151
156
296
739
255
772
945
305
44
619
954
712
78
506
331
697
854
968
562
930
131
716
399
634
990
675
150
933
436
211
865
173
608
410
125
692
870
520
346
776
363
934
766
813
801
306
558
853
562
688
736
76
382
767
774
917
206
604
123
806
977
464
57
802
437
604
495
569
233
135
767
465
868
325
465
710
309
945
824
880
311
536
294
219
730
699
253
500
407
772
2
427
401
516
500
814
639
668
498
35
262
462
0
476
247
508
233
979
79
624
539
521
538
474
877
617
896
161
861
166
81
101
500
765
609
806
68
686
313
449
794
45
211
309
271
873
21
469
795
82
158
367
19
585
235
88
639
21
395
482
999
867
4
492
826
883
518
295
496
161
571
121
513
250
584
869
137
94
444
870
321
786
64
429
395
351
859
994
163
82
447
64
357
126
136
224
592
344
976
881
281
660
438
594
166
400
37
113
399
356
411
460
340
554
697
699
509
983
230
241
364
756
874
802
824
452
535
366
718
619
660
795
594
685
762
914
548
757
288
204
5
56
367
477
639
963
243
106
834
924
448
726
392
708
12
478
383
737
259
177
336
490
992
16
182
226
117
671
642
495
20
903
957
184
211
56
172
102
80
27
370
313
792
589
543
723
619
178
31
667
274
519
701
459
33
675
276
171
715
409
530
108
789
969
216
726
202
638
971
990
687
696
554
386
628
626
159
109
775
692
674
129
359
260
91
154
404
454
498
708
302
30
297
820
928
571
613
70
867
367
41
964
545
602
168
883
315
694
546
103
794
921
38
617
13
679
724
734
179
4
764
728
77
199
938
985
456
695
748
413
905
509
280
103
50
904
241
454
113
118
865
280
125
282
578
632
365
874
648
294
797
343
192
241
588
750
263
496
984
546
903
168
94
848
373
626
413
832
961
65
87
96
49
957
267
120
377
97
70
168
664
276
969
265
14
775
644
96
804
196
617
957
942
369
200
96
706
296
570
94
572
409
15
105
707
597
664
109
60
761
227
517
219
871
582
745
471
783
217
631
722
276
869
792
223
76
880
302
269
833
87
286
292
303
293
308
28
222
618
660
694
598
278
912
324
425
608
348
729
51
353
137
711
686
559
359
502
786
587
253
565
313
67
293
210
103
843
961
690
814
196
323
697
225
917
788
448
850
7
633
778
106
75
195
908
540
726
811
838
833
481
885
511
583
54
699
198
104
13
816
763
720
132
203
746
300
994
430
434
24
636
558
344
616
291
584
795
523
527
549
500
799
330
683
350
657
944
188
812
953
496
532
617
64
738
356
681
929
424
381
402
202
152
891
794
802
697
692
106
298
151
638
874
920
424
96
554
130
885
961
202
45
222
77
832
149
805
203
410
76
93
844
652
422
925
609
38
842
688
920
740
910
722
204
368
487
469
937
731
583
187
128
18
943
274
140
94
865
512
930
819
967
762
92
576
906
932
313
442
277
259
90
656
191
203
847
321
260
507
789
531
984
230
127
317
770
791
528
116
90
336
898
673
494
974
873
560
472
678
626
729
420
919
853
787
174
305
41
906
871
812
414
554
100
365
122
464
625
872
581
529
107
951
49
530
625
961
815
892
939
91
606
885
758
586
86
944
491
395
547
36
223
800
160
252
906
827
413
46
988
485
574
801
1
137
312
639
811
551
834
668
532
434
146
70
360
505
314
724
780
395
813
275
912
936
364
842
978
632
842
772
120
376
123
131
68
692
7
851
384
73
540
699
289
209
387
522
286
147
99
413
96
699
383
738
617
640
760
203
915
493
195
381
478
968
595
369
221
327
255
523
977
264
643
414
466
64
118
460
990
115
459
895
315
68
306
2
516
190
884
794
734
722
618
551
114
272
509
912
400
584
382
429
917
174
359
772
947
699
185
994
724
56
269
556
539
546
537
11
691
637
483
549
284
131
10
802
87
796
947
611
971
732
325
659
637
72
816
161
643
772
900
30
951
561
668
192
501
358
347
980
531
697
919
789
646
952
443
403
863
441
955
683
137
681
39
529
85
355
461
313
907
805
439
179
747
73
463
916
978
825
727
303
141
671
575
128
542
727
557
280
727
421
956
612
347
884
905
490
125
452
466
200
934
92
260
657
206
799
541
61
188
259
795
462
747
344
263
379
742
225
974
919
186
157
149
58
695
246
130
27
948
732
133
952
169
606
500
197
850
606
269
90
204
881
204
927
102
893
630
458
470
346
696
274
378
192
924
765
330
27
162
576
471
405
305
749
717
898
383
953
32
935
906
500
355
719
547
68
896
793
562
294
810
24
522
676
475
92
256
457
865
752
90
418
753
437
764
743
741
12
630
404
346
704
1
727
637
519
761
58
154
724
591
733
108
140
447
734
89
355
125
761
778
111
52
593
394
449
644
951
876
390
860
268
27
215
811
56
113
649
536
783
652
475
304
442
388
418
67
243
685
313
913
95
822
876
643
805
943
627
836
168
631
771
0
398
365
63
695
526
326
2
721
740
316
855
748
822
748
343
992
96
976
46
811
593
430
795
317
326
306
626
393
876
798
104
693
697
103
36
530
832
702
913
730
954
633
592
832
906
773
56
245
179
339
281
228
995
119
506
799
909
151
478
935
139
856
455
697
15
853
28
111
238
953
51
948
876
52
247
740
272
937
271
674
289
219
302
200
559
904
443
484
681
313
496
58
523
376
910
298
68
492
939
561
479
490
337
135
293
397
115
333
947
13
172
355
30
531
855
789
975
691
739
852
64
203
185
742
991
433
478
714
331
575
585
734
667
826
844
840
234
268
134
557
308
477
325
999
729
69
53
491
256
698
131
866
673
213
141
750
816
6
7
501
954
740
606
624
201
979
704
794
878
448
789
847
0
915
582
356
332
918
286
650
659
850
875
383
221
119
965
38
484
389
82
959
661
113
367
770
669
884
16
329
451
312
18
535
831
426
988
629
321
846
124
853
582
190
642
561
433
495
162
169
605
593
934
538
662
714
870
663
755
796
753
781
147
229
125
258
683
36
685
871
612
725
225
344
474
288
428
261
943
110
55
705
811
754
344
247
557
866
654
150
148
697
663
890
23
974
675
360
417
97
824
394
462
931
238
428
740
640
463
457
206
341
683
623
669
541
556
58
241
596
707
846
448
702
182
211
910
126
408
302
783
694
463
179
381
747
715
877
646
79
115
641
405
578
713
719
586
561
173
310
814
49
369
531
66
465
337
525
313
486
145
66
321
55
482
280
34
777
10
334
230
184
796
226
352
627
345
13
713
764
73
119
480
888
239
564
139
586
651
234
331
470
693
563
270
957
482
226
147
345
195
726
204
678
866
960
400
120
217
157
853
851
311
785
463
699
83
288
431
16
49
779
548
524
746
36
474
124
696
436
413
905
955
662
860
841
545
324
345
919
312
841
366
679
21
193
906
404
735
433
240
466
771
35
948
530
803
472
287
648
891
616
401
447
501
845
978
915
814
946
335
524
866
195
79
667
333
224
778
665
10
525
306
810
268
730
817
206
61
1
483
380
278
171
460
901
478
475
733
508
324
998
774
476
268
205
188
206
267
160
785
283
606
292
715
492
115
838
655
521
333
310
155
348
419
613
626
548
864
658
600
3
303
610
228
770
978
108
165
59
649
89
268
616
11
67
806
935
919
994
75
92
947
41
632
155
128
958
528
419
884
811
259
964
457
275
338
251
418
806
665
774
9
313
121
976
412
202
77
943
216
898
717
599
652
207
373
390
383
143
293
711
910
65
504
537
885
251
716
30
893
268
432
81
498
753
685
38
594
464
94
110
387
720
144
184
528
587
884
34
226
427
457
182
371
681
147
865
974
974
858
888
487
940
206
312
782
356
662
251
856
450
393
227
560
510
759
863
893
140
615
865
679
797
865
567
659
441
927
487
317
454
45
673
973
146
629
794
956
500
17
236
910
988
389
685
515
598
705
926
203
413
875
862
637
373
580
978
34
70
410
749
612
695
260
722
719
502
150
259
449
403
890
197
788
546
282
884
594
5
773
352
965
938
732
615
787
821
790
313
530
632
904
206
569
88
81
253
596
313
934
258
930
526
494
329
754
636
961
637
604
849
306
205
637
647
921
732
506
750
714
663
864
938
359
33
818
829
594
783
881
988
764
556
211
981
29
219
203
222
913
580
723
750
111
50
543
274
751
239
771
126
508
715
336
957
276
427
815
312
299
522
165
438
950
544
159
937
584
256
572
127
128
575
411
234
360
352
769
763
12
996
63
673
170
161
745
216
611
15
746
549
15
792
259
490
237
647
600
25
42
37
242
436
8
116
310
145
496
886
76
673
879
92
277
283
449
105
284
211
684
261
438
566
791
422
101
287
708
726
219
751
993
773
450
906
266
738
153
48
143
138
806
585
818
261
623
419
747
465
457
811
82
872
259
817
801
163
661
700
690
486
479
888
631
693
190
368
842
419
675
632
9
723
784
507
496
281
536
525
29
383
979
662
570
201
29
582
262
88
847
728
663
882
515
896
668
452
123
139
798
993
507
122
795
778
227
283
683
387
580
426
731
631
680
601
992
660
927
379
335
2
413
908
166
527
48
323
236
541
480
424
237
548
95
684
98
374
653
998
160
671
358
744
658
16
418
51
179
118
390
372
32
848
865
723
702
95
286
212
796
685
971
720
200
839
602
827
321
927
782
380
628
491
413
293
900
787
983
440
859
316
28
770
123
108
364
3
640
731
837
506
39
256
689
229
574
689
810
812
576
592
444
215
608
879
139
495
730
39
998
594
557
264
526
239
38
220
638
337
132
454
606
452
801
678
17
260
1000
402
30
62
591
684
489
744
353
944
685
780
519
125
834
154
506
657
549
308
780
972
882
473
9
565
710
15
960
830
538
636
779
162
12
564
617
71
688
76
751
279
860
995
632
54
508
979
552
271
652
771
826
918
670
732
693
52
378
276
348
456
934
99
778
443
842
271
336
592
640
593
232
370
39
808
344
907
596
546
58
380
184
98
35
776
857
404
99
999
863
845
656
571
897
721
333
415
855
521
764
450
682
351
676
999
78
118
739
231
134
367
814
151
193
841
559
844
485
167
548
988
342
259
340
864
34
300
164
348
541
430
156
633
794
493
317
651
205
460
620
459
528
387
940
60
335
33
737
396
696
481
664
508
828
398
527
105
778
780
270
24
448
305
920
308
500
653
651
922
941
405
415
306
458
395
794
294
779
607
13
96
629
2
287
362
69
885
921
559
282
647
844
135
92
49
512
235
782
359
338
922
994
979
81
179
784
427
879
156
112
790
841
400
331
988
380
72
465
491
709
378
340
338
172
698
862
570
354
167
982
446
116
685
174
53
13
584
455
173
746
473
250
516
582
964
666
697
930
285
964
548
471
19
284
649
550
452
921
180
730
265
707
456
700
573
297
769
950
529
413
386
904
2
336
832
422
48
213
805
856
178
973
348
80
648
891
139
177
273
120
8
700
494
739
45
691
682
89
925
878
935
499
284
724
838
653
301
270
929
182
805
919
869
263
556
613
541
291
540
70
576
905
405
0
34
940
395
484
249
94
396
939
38
361
960
346
815
530
410
668
295
312
415
623
816
879
609
255
495
877
155
971
719
211
347
956
693
155
611
171
59
580
538
339
799
357
784
586
920
244
979
697
664
784
984
125
230
38
127
207
234
202
275
244
413
383
846
378
297
124
137
450
851
444
588
250
306
467
816
839
691
931
560
881
784
119
896
140
479
45
320
591
815
896
578
793
129
74
350
481
114
383
154
529
721
121
77
719
182
193
204
990
630
486
853
96
36
97
985
848
493
192
390
354
29
561
536
961
502
154
158
781
248
172
993
34
533
489
232
574
996
469
597
316
605
479
103
476
852
648
927
796
169
668
942
181
820
688
824
435
735
613
818
4
51
345
533
915
324
774
386
329
660
565
548
396
259
50
515
317
105
770
661
811
783
461
385
393
674
555
725
161
9
471
537
994
526
269
619
348
707
456
378
91
842
997
920
13
414
826
650
985
530
430
784
901
390
273
344
859
40
139
535
240
891
683
587
614
737
736
456
652
280
179
969
468
370
427
293
66
478
817
841
822
120
470
964
164
233
415
63
901
730
20
970
841
732
46
711
662
211
868
23
182
34
655
236
471
642
578
373
470
853
330
593
51
541
518
342
695
151
723
811
198
325
284
574
102
83
103
528
766
348
20
478
245
757
565
992
425
23
129
391
65
338
873
994
687
527
887
943
488
982
457
287
696
581
436
122
44
96
51
945
298
826
693
561
1
437
475
177
873
264
635
519
524
538
57
113
435
298
486
75
346
969
211
32
511
839
299
29
469
931
648
552
278
3
432
4
373
676
737
280
480
896
418
268
257
268
512
421
604
959
727
746
787
169
821
830
836
425
928
756
870
159
114
39
279
335
741
937
950
88
393
734
944
643
486
897
318
964
783
178
8
909
428
57
947
861
265
114
849
64
507
212
337
178
48
601
334
766
979
289
893
715
87
325
899
830
433
821
311
80
240
858
878
246
721
621
491
944
576
376
616
279
265
169
465
608
323
334
844
146
275
203
846
419
968
600
821
781
345
15
295
505
989
541
760
173
958
959
517
352
744
571
2
802
377
659
257
704
998
657
480
637
433
434
836
304
592
273
939
235
710
422
695
964
769
326
428
408
618
912
460
456
624
522
572
977
868
384
31
759
221
703
96
111
834
761
185
112
839
631
132
747
321
358
200
419
866
739
790
583
212
47
3
471
842
330
502
168
523
126
330
513
142
736
629
565
344
390
413
633
808
937
846
92
182
919
680
488
15
132
790
658
189
63
980
863
699
775
479
168
795
146
822
558
812
553
6
521
223
361
142
107
730
842
992
677
418
384
80
840
311
98
316
322
846
194
279
754
83
728
617
600
705
597
210
743
89
892
55
437
28
956
9
641
874
787
856
945
176
628
338
604
108
871
109
401
225
619
760
326
369
552
351
323
755
926
140
581
554
834
406
110
521
101
567
599
449
410
5
777
537
523
283
782
933
731
667
266
33
866
145
237
328
513
355
847
828
278
103
658
405
213
400
84
573
779
190
24
515
955
193
906
415
345
545
642
383
419
150
236
538
219
940
13
34
183
441
728
100
913
343
34
369
24
994
56
73
429
986
35
887
674
267
316
472
182
459
139
43
534
288
987
474
126
329
466
769
847
466
981
943
599
765
656
611
825
668
280
836
357
694
235
38
235
72
656
17
337
976
311
384
944
288
954
958
604
86
93
929
908
240
484
830
26
838
755
633
144
330
979
500
141
601
120
14
132
361
635
917
738
561
689
668
189
739
743
384
642
483
489
930
298
435
386
245
212
504
261
187
889
225
742
445
35
438
481
332
84
696
442
497
342
108
702
862
896
515
534
338
613
190
745
117
879
483
512
588
906
83
207
179
749
841
939
690
381
293
813
890
446
359
139
455
543
842
84
535
169
691
488
500
675
188
860
670
850
489
770
78
995
181
131
574
603
808
124
801
8
516
721
870
616
256
79
762
576
222
282
775
12
436
153
552
182
671
147
502
157
137
552
664
914
592
488
301
927
816
442
801
643
620
326
650
438
825
303
570
925
857
860
84
728
932
870
81
87
953
638
178
896
595
151
928
47
209
51
166
199
511
30
71
317
197
671
706
609
936
951
118
726
400
903
292
320
269
179
492
348
374
487
814
718
416
158
993
138
927
323
751
306
409
434
263
769
815
128
518
88
807
666
640
180
464
430
461
908
363
226
906
338
210
384
982
239
455
872
427
694
551
937
320
949
796
2
197
853
929
804
480
501
905
5
267
953
524
793
790
126
850
171
72
246
573
956
619
445
768
704
154
390
703
67
735
49
639
304
777
948
788
944
800
544
849
838
939
584
823
88
521
536
0
589
273
487
321
169
936
95
516
587
355
482
724
833
349
157
489
526
890
356
335
343
413
392
323
760
303
892
279
561
849
28
625
881
227
108
965
748
315
134
880
378
375
205
585
706
922
856
389
884
314
719
125
750
883
107
979
494
632
382
393
10
826
229
976
679
2
192
573
566
229
92
960
269
634
184
794
916
522
166
781
27
628
415
217
271
310
41
340
300
719
652
152
196
263
908
657
253
913
266
678
64
135
494
683
189
527
840
294
855
435
960
406
447
114
972
92
781
238
245
716
378
787
796
938
249
646
385
530
915
434
708
180
652
388
266
710
212
335
794
380
489
68
354
223
878
666
467
552
323
558
873
96
276
399
815
431
68
31
935
622
425
103
151
262
111
142
141
342
963
127
276
599
759
858
132
301
710
691
941
629
523
419
586
68
299
362
18
521
739
960
191
24
402
429
891
285
9
266
66
427
23
672
531
655
989
175
135
736
389
23
797
492
989
128
967
718
909
629
436
207
927
360
561
811
725
795
292
700
99
235
607
264
340
337
220
321
293
231
681
550
830
826
211
353
720
63
917
535
136
212
218
509
293
455
621
932
943
367
193
954
728
52
353
513
629
4
837
340
981
988
961
602
817
494
539
370
514
574
68
322
985
84
45
371
898
667
530
128
676
3
316
395
243
144
330
96
782
967
101
334
963
54
450
492
410
570
718
558
370
892
188
101
835
88
535
570
606
525
432
838
27
152
668
181
399
271
397
109
272
840
378
711
158
607
316
468
356
641
678
693
899
32
584
17
856
840
646
618
492
574
867
94
990
767
951
182
763
433
663
723
563
467
72
565
902
283
819
331
492
249
743
216
725
707
510
244
407
637
85
673
250
273
169
444
845
205
966
890
120
776
881
93
513
828
43
592
347
95
724
344
149
798
42
144
898
222
577
897
446
363
715
442
597
913
885
842
575
142
19
321
883
498
868
267
781
939
8
990
877
333
703
136
562
457
916
974
292
394
154
930
934
399
958
88
680
510
165
566
269
469
334
927
494
755
898
86
231
766
948
363
503
472
743
608
276
68
315
586
20
446
778
47
242
520
202
140
481
723
183
118
529
207
447
497
835
568
118
94
345
126
511
637
280
77
553
839
549
56
217
155
835
923
555
611
561
813
212
392
228
753
535
134
873
407
623
67
628
730
952
445
622
597
426
954
708
713
969
997
761
327
24
55
534
591
573
542
302
571
531
813
794
252
648
287
144
60
255
824
852
707
501
807
987
420
903
587
137
846
359
237
822
182
976
764
370
346
305
232
505
209
887
456
108
230
183
193
917
2
278
12
135
554
959
268
198
409
39
845
178
753
32
615
572
219
547
768
456
123
13
445
247
169
601
360
562
957
448
322
903
822
565
842
173
811
11
245
251
855
230
975
103
427
644
991
194
241
867
475
170
799
159
226
47
819
991
459
413
875
799
901
356
761
344
392
131
415
246
391
789
434
572
70
257
484
601
933
617
160
109
114
562
96
809
809
271
367
781
484
193
500
44
816
481
629
596
518
46
606
556
493
503
112
266
982
461
68
469
626
922
909
916
645
761
498
35
517
538
765
506
878
115
330
857
529
838
705
466
760
239
833
550
390
543
51
31
214
419
759
377
780
748
337
787
662
381
144
331
676
129
611
917
690
477
753
177
973
748
643
667
245
718
657
955
870
924
518
505
844
125
475
429
532
702
130
498
304
926
746
10
515
393
64
389
493
69
947
620
465
701
381
886
598
586
661
21
581
926
787
650
415
269
385
101
355
759
706
502
157
197
485
615
77
149
743
328
283
581
795
880
611
763
44
192
844
444
356
936
935
511
45
163
851
641
810
658
963
674
123
335
161
701
927
322
121
98
635
572
387
6
784
136
210
979
855
444
315
802
85
219
17
720
308
881
360
540
130
549
218
385
993
26
520
50
920
352
33
224
0
805
371
51
914
464
164
780
34
691
561
482
932
140
488
81
312
183
341
180
693
824
36
421
375
500
602
378
507
371
727
204
285
958
944
539
607
238
380
393
713
581
248
25
625
116
494
23
432
404
289
96
718
532
294
306
696
982
851
735
831
900
554
814
16
615
864
817
606
535
680
244
834
774
71
98
446
120
568
270
581
231
706
548
204
131
735
968
645
410
688
503
37
719
210
331
721
424
847
160
891
547
704
363
61
335
657
898
132
92
543
255
118
121
997
931
833
897
874
142
84
837
423
799
185
273
639
946
820
497
472
183
575
981
820
794
685
154
474
560
791
339
452
526
760
697
387
177
880
322
906
782
959
836
156
879
150
85
940
164
544
821
85
242
819
468
26
997
528
343
733
564
793
944
437
149
475
158
824
167
114
529
610
457
196
910
689
547
533
151
275
215
834
663
710
841
732
974
861
258
851
645
297
141
693
170
656
118
403
691
882
132
714
673
258
771
617
895
424
560
564
355
775
458
250
976
948
37
281
194
304
95
260
841
589
677
124
874
187
758
753
865
668
60
162
348
520
757
840
367
277
37
7
872
441
786
879
802
891
854
196
975
692
661
614
155
495
121
713
900
938
132
712
50
734
106
161
996
369
289
188
50
582
860
74
573
60
34
233
684
23
678
876
705
612
152
927
663
270
392
979
497
546
451
350
815
976
993
534
310
988
489
596
223
994
83
323
435
103
387
168
71
132
672
295
732
818
216
277
694
447
784
243
723
292
472
529
335
544
422
131
642
677
129
514
120
399
342
567
944
635
782
781
721
207
176
911
763
134
354
716
241
744
371
538
843
1
914
808
804
747
477
743
408
759
44
815
343
820
255
780
501
219
315
315
107
352
119
566
276
359
331
166
367
964
417
509
747
953
857
347
830
961
32
994
496
485
530
703
265
321
830
5
833
824
655
74
830
691
423
400
921
173
580
337
607
907
779
322
348
784
151
817
853
532
157
262
670
944
755
616
438
915
875
259
392
732
437
323
16
271
405
752
927
46
607
624
381
276
314
