812
939
354
226
784
415
660
487
651
687
4
890
467
257
389
660
474
690
543
327
749
447
806
327
793
315
311
441
930
374
664
968
384
211
614
661
762
938
922
330
476
646
755
493
325
117
436
619
39
969
323
326
120
907
916
331
702
481
33
104
482
492
39
954
4
227
669
666
681
842
925
982
1
462
933
859
320
75
365
955
427
845
247
745
908
282
529
480
934
599
818
490
688
660
20
439
127
172
499
755
130
140
498
845
399
168
266
688
658
877
269
44
778
563
354
839
502
256
540
240
304
473
346
577
780
311
235
518
659
6
774
854
171
697
584
855
37
959
36
375
795
607
876
806
501
366
674
543
158
290
76
829
299
205
300
718
296
54
227
448
906
734
760
652
440
899
796
732
744
269
290
173
862
175
417
764
852
398
748
451
735
929
689
93
967
903
207
420
128
788
951
348
777
923
474
201
506
584
227
484
317
117
306
605
333
62
758
364
753
844
415
34
664
350
782
643
47
634
530
383
812
65
520
136
231
475
83
762
479
221
515
163
289
676
313
120
946
298
761
545
877
328
837
114
195
166
298
224
369
639
4
787
74
710
204
723
982
649
563
902
863
331
143
873
944
114
453
11
863
712
912
551
963
561
776
594
867
479
656
358
481
786
231
826
624
675
676
456
441
328
594
845
666
169
7
18
568
678
0
571
100
414
194
4
398
230
123
421
242
177
930
212
543
278
523
494
199
163
506
810
925
544
724
72
754
648
223
813
976
18
823
506
190
539
205
219
39
149
680
820
894
492
290
737
462
616
985
626
858
989
915
328
101
241
762
170
458
515
184
36
265
784
101
597
104
233
535
770
291
654
180
762
626
795
682
38
279
801
863
177
523
191
764
822
691
305
438
926
432
782
872
34
832
445
294
609
417
896
381
307
428
245
575
687
965
654
764
17
811
793
132
763
780
900
808
801
417
828
306
677
757
396
418
979
632
380
352
455
732
666
428
629
171
486
557
481
887
131
92
242
531
224
338
444
914
449
188
176
206
629
893
912
296
174
911
366
695
212
189
604
341
162
963
994
515
145
340
700
800
339
551
80
716
351
686
765
208
740
183
199
637
27
106
120
310
973
454
781
888
384
389
744
155
475
251
692
799
599
689
38
773
236
44
78
825
265
385
35
490
859
202
652
642
863
885
886
300
117
482
891
923
1000
179
693
865
401
158
858
33
465
192
56
20
686
425
593
141
350
234
872
917
938
33
290
457
763
104
238
125
82
314
711
626
902
646
560
358
935
21
544
482
512
800
156
634
752
679
671
661
992
469
978
28
270
343
539
822
666
729
254
355
410
964
101
448
4
192
155
398
10
771
32
474
792
591
799
561
253
364
176
228
531
848
186
37
675
419
431
431
592
213
903
873
898
201
525
224
883
266
654
533
486
304
405
490
46
812
984
839
568
292
173
925
479
992
741
372
111
172
802
631
662
160
142
738
14
863
54
191
595
316
503
271
387
103
360
483
343
146
970
73
679
462
555
706
970
982
834
473
542
378
730
373
368
220
275
287
584
409
623
246
778
10
587
495
393
114
281
454
980
248
248
173
480
248
922
290
469
192
393
835
47
179
230
415
95
247
540
498
711
734
533
462
969
706
636
133
578
864
552
278
623
522
770
331
330
830
714
296
736
389
116
300
193
830
199
768
893
698
965
584
954
226
206
849
195
157
888
81
398
830
126
777
706
143
414
251
847
882
591
629
24
62
761
606
639
691
603
397
491
290
463
863
755
78
195
367
807
491
998
366
936
69
342
46
76
346
716
638
967
503
58
118
548
22
672
174
7
481
919
172
576
905
183
855
119
844
433
191
557
414
204
566
381
88
994
33
888
946
838
919
241
406
352
410
184
241
579
159
995
772
834
71
306
736
109
643
535
251
738
218
936
683
734
482
779
961
643
357
748
116
795
233
393
349
565
98
432
941
625
740
738
735
181
626
87
696
905
480
156
259
573
837
753
819
468
55
11
703
194
386
113
425
926
661
112
821
29
115
623
934
655
661
428
138
136
622
590
73
14
642
227
370
45
936
976
75
849
538
44
898
704
563
936
102
618
700
115
975
943
372
374
215
750
31
174
595
658
52
18
428
14
536
757
186
166
165
802
652
43
907
409
562
454
982
556
579
285
6
440
814
254
639
302
807
16
368
117
59
177
318
637
752
208
58
451
220
352
454
2
160
356
538
947
273
266
209
851
257
583
368
1000
628
787
693
978
839
621
886
796
572
548
673
534
865
475
197
883
957
180
772
500
339
887
122
796
538
69
364
628
541
890
940
387
672
623
695
133
901
74
44
758
262
231
929
647
76
370
893
927
158
395
134
202
23
443
839
631
416
719
439
270
117
25
723
924
107
734
838
121
627
772
342
428
589
742
405
30
83
474
143
426
429
161
878
85
357
703
766
155
393
62
877
634
482
227
299
962
183
855
226
626
537
776
360
219
844
338
125
378
123
987
358
130
22
570
162
528
259
623
557
834
500
256
398
193
718
374
809
438
670
620
16
614
128
853
53
900
891
969
272
792
381
583
968
864
899
395
739
891
141
100
359
888
688
336
72
434
523
460
187
671
546
943
806
551
218
760
300
202
170
461
886
804
639
506
279
954
37
92
960
353
872
888
979
533
447
31
646
501
490
314
640
419
933
639
270
852
530
783
690
696
945
963
812
645
182
918
583
912
996
62
43
997
993
748
299
467
682
835
115
93
635
579
379
176
275
314
49
594
540
518
572
895
792
639
905
769
950
496
506
355
718
147
588
133
183
871
958
611
833
317
556
609
172
934
602
728
783
492
888
473
563
912
345
622
354
610
477
618
943
287
624
186
596
393
330
894
982
531
255
95
245
698
191
542
548
565
724
950
108
990
17
11
95
545
7
628
338
147
1000
648
869
800
314
18
780
49
159
56
741
0
331
505
797
658
726
126
715
891
860
863
283
552
802
15
407
169
945
451
759
111
48
596
56
357
861
854
731
826
382
133
856
709
579
362
764
414
912
231
660
536
555
932
908
731
620
285
381
497
976
533
435
650
513
1000
601
692
815
9
41
397
234
703
220
654
318
869
947
28
381
509
186
558
766
620
578
13
3
572
602
229
648
584
743
135
35
973
767
800
598
294
485
159
643
990
947
67
711
896
42
982
719
788
938
913
94
187
574
203
27
785
703
350
782
196
604
359
722
221
647
34
360
433
333
233
237
702
333
318
931
222
264
988
786
719
681
188
264
746
796
51
944
449
949
659
260
708
741
975
84
316
61
456
84
750
911
716
617
110
76
80
585
24
215
62
295
672
829
570
859
560
946
132
74
416
82
555
79
317
169
188
245
210
715
433
947
87
405
194
858
384
737
741
378
616
10
839
642
879
222
68
296
597
964
979
942
819
416
78
635
448
948
704
386
14
592
487
919
989
929
490
278
173
460
62
36
432
649
137
969
832
160
992
67
330
711
456
665
281
166
191
273
362
169
913
447
14
622
394
627
120
826
673
454
442
936
92
473
278
636
781
501
928
674
671
209
792
906
399
590
378
51
318
80
27
217
335
78
941
570
533
456
955
236
309
477
550
617
325
207
811
853
665
116
362
55
431
45
873
308
485
181
338
127
127
929
224
254
319
843
492
202
481
911
688
899
971
468
586
187
116
37
280
682
70
170
279
640
817
160
873
154
368
160
5
882
572
767
921
976
975
659
102
679
868
214
426
214
989
343
952
274
336
955
520
377
235
573
159
830
65
634
307
839
56
889
48
573
172
171
876
601
370
509
967
214
469
173
607
559
457
823
194
416
290
312
185
689
171
114
475
375
829
524
956
853
544
11
416
822
556
133
513
125
976
384
303
977
558
279
676
835
489
696
91
274
872
251
243
731
729
38
577
903
149
594
163
967
689
341
43
453
237
103
26
814
353
487
884
244
502
64
15
287
721
333
981
107
980
359
710
105
917
869
846
691
685
298
393
664
346
996
816
583
663
290
753
950
100
680
797
806
615
711
120
561
69
448
342
479
175
598
642
276
470
482
82
703
176
11
28
829
745
788
771
965
488
199
780
832
42
187
469
616
251
908
26
11
733
111
637
226
595
468
375
188
663
437
160
861
179
511
424
676
115
862
562
574
121
431
813
20
673
546
940
696
155
954
983
261
449
12
386
678
112
428
14
143
384
547
914
575
31
708
208
941
578
581
160
457
503
721
288
836
851
802
378
292
65
115
383
13
998
974
502
115
748
565
169
917
445
705
289
526
78
626
835
309
263
665
817
814
147
236
741
103
735
964
855
273
554
235
942
110
957
709
878
494
330
512
950
133
155
962
737
685
148
639
383
103
698
580
271
342
426
117
411
154
987
703
362
788
134
587
118
840
709
844
210
403
407
618
198
890
134
845
857
602
273
948
613
219
432
171
205
831
104
276
118
68
203
301
83
164
603
981
797
497
693
170
95
289
407
365
986
625
381
941
297
927
664
311
263
306
920
559
955
996
128
435
369
172
615
855
916
67
642
120
208
198
911
165
350
913
53
40
344
241
593
717
897
188
937
30
605
207
651
265
468
575
660
423
721
789
25
720
239
902
665
211
115
933
683
748
602
71
17
653
263
479
729
596
82
827
579
179
244
638
526
613
509
666
362
722
401
231
6
217
938
461
919
816
230
876
651
299
119
564
840
101
924
537
833
283
513
468
683
83
172
124
493
353
121
321
938
254
166
52
337
580
669
836
831
958
898
951
33
919
897
402
81
598
186
948
93
338
976
453
911
55
66
188
419
563
332
381
914
434
421
541
700
154
386
563
607
482
17
636
134
940
984
283
743
330
338
692
169
6
530
619
722
375
846
779
228
774
111
575
677
456
578
467
618
850
107
33
78
661
225
23
90
691
73
300
923
386
73
579
751
287
908
321
848
518
467
959
277
365
582
854
764
844
674
83
654
838
937
140
807
46
315
129
885
511
330
909
724
920
739
864
380
264
153
720
14
642
983
839
985
199
473
983
391
237
235
368
846
505
332
188
424
582
922
457
594
9
477
146
425
573
818
123
517
676
523
298
913
314
839
764
713
512
833
385
244
443
391
522
405
653
633
40
239
955
440
800
899
582
126
95
882
139
674
371
859
746
625
653
429
494
426
745
899
46
982
232
517
726
237
719
656
945
822
528
82
205
209
307
834
167
361
598
191
490
539
440
903
255
825
511
111
767
886
143
429
444
727
779
191
352
449
101
226
610
550
97
402
583
933
789
798
266
573
222
608
735
752
593
771
868
879
15
899
821
156
609
276
881
814
963
578
384
150
25
494
390
409
718
620
649
361
277
807
202
540
483
696
649
246
403
269
705
839
251
92
183
279
262
374
954
637
237
101
724
21
561
278
744
446
34
722
640
215
841
994
633
763
300
748
337
293
874
213
172
194
22
579
197
950
128
748
821
198
670
336
408
670
236
778
293
941
769
113
66
363
633
372
313
48
718
441
153
488
809
988
34
268
883
303
258
316
823
898
589
316
276
292
151
239
36
770
525
421
375
715
575
249
214
836
109
338
873
752
870
990
435
368
740
861
411
998
291
35
485
423
950
79
614
952
139
277
650
46
743
934
943
308
54
566
100
412
260
798
205
115
97
10
278
590
996
147
746
147
484
572
965
909
65
561
624
54
74
846
968
112
263
569
347
139
987
187
583
772
890
143
930
837
952
557
279
661
592
825
353
221
268
750
255
49
714
769
722
135
467
891
825
122
872
226
659
767
60
340
779
980
771
230
746
751
977
416
169
931
480
502
66
138
551
558
177
31
667
861
135
809
183
852
4
76
515
640
789
156
23
35
947
503
338
882
809
135
308
395
93
912
96
351
355
0
198
195
316
165
336
600
499
307
235
528
480
263
261
642
400
33
789
740
42
462
950
977
941
874
96
816
478
340
936
1000
860
56
761
379
203
760
655
60
692
264
828
193
915
949
490
692
54
481
795
305
531
141
400
777
101
861
173
244
158
499
377
678
167
934
462
894
752
258
219
589
930
753
651
959
407
322
350
639
620
787
606
148
448
736
683
514
100
667
973
488
747
781
764
613
840
106
426
390
943
615
675
10
107
571
423
387
488
686
456
749
923
542
776
672
702
364
4
221
563
453
697
835
256
509
719
674
692
623
159
443
757
925
353
87
388
779
688
359
369
901
839
971
649
994
947
945
643
318
44
818
149
123
740
537
972
4
730
269
320
74
282
849
363
302
160
227
42
481
854
186
442
74
145
457
500
638
211
628
866
572
472
439
15
745
352
553
573
899
970
492
884
825
510
176
547
17
717
441
542
869
494
975
17
508
93
339
598
71
719
152
270
531
703
21
533
202
561
541
505
707
372
513
126
479
888
574
402
867
741
550
900
501
885
239
330
885
164
741
131
91
528
143
375
43
918
136
253
113
340
90
605
644
955
229
662
611
267
816
261
811
691
645
259
843
800
770
786
715
558
54
267
39
716
99
873
651
323
72
124
986
29
217
968
688
401
157
497
735
38
605
879
849
649
793
738
49
559
742
450
26
393
458
300
406
733
318
441
93
664
165
954
634
1000
102
70
902
877
580
814
527
115
127
871
150
460
998
515
6
319
86
806
310
155
688
54
675
13
73
803
67
983
386
128
835
577
75
147
1
111
942
995
303
165
852
394
439
122
405
175
612
616
97
743
707
399
58
540
425
827
41
34
226
640
170
578
242
208
864
808
167
723
493
902
740
86
582
84
616
421
762
298
315
161
302
809
457
697
731
856
674
385
979
126
439
568
505
991
546
880
71
913
118
788
188
407
851
746
757
240
642
817
124
297
901
886
571
706
586
839
237
340
484
204
646
793
294
792
255
281
886
791
927
690
424
673
830
167
204
956
6
255
669
586
817
515
526
233
484
35
852
284
247
976
803
703
991
530
853
184
753
303
508
265
266
114
77
106
460
658
405
709
948
306
420
206
636
560
6
703
945
297
934
864
593
46
569
65
565
928
655
488
629
819
682
928
776
524
307
505
15
442
811
657
242
285
818
994
315
899
354
647
44
137
877
723
535
33
55
344
212
226
974
566
893
710
857
116
481
494
646
547
213
710
512
843
895
986
863
993
227
699
559
311
176
841
783
529
286
776
473
818
989
130
323
925
270
448
74
558
484
961
252
0
703
49
548
682
804
534
767
111
343
915
631
128
401
85
756
920
779
867
813
599
336
863
207
473
782
810
632
281
954
589
472
797
457
475
389
196
567
79
332
510
443
634
881
267
56
934
91
200
689
315
952
487
518
478
132
535
580
841
990
789
367
399
660
353
422
711
655
492
530
724
579
241
571
664
458
420
628
79
718
298
706
441
995
77
290
422
854
109
27
71
934
476
996
638
243
154
408
715
87
492
89
707
626
133
745
376
140
851
859
350
893
957
48
34
879
117
827
340
887
389
35
985
991
298
646
898
44
571
239
457
779
919
244
844
825
931
913
795
365
687
116
448
142
195
243
754
218
112
903
137
260
518
644
731
80
693
648
491
843
941
146
952
641
526
397
206
131
681
163
936
518
466
4
952
456
999
138
785
405
182
312
286
521
608
854
92
437
744
95
72
195
887
413
530
130
577
408
60
745
373
182
403
466
927
228
560
725
275
177
740
956
169
554
389
987
996
710
703
762
606
336
510
504
901
273
373
225
579
894
47
981
825
959
224
350
53
710
592
439
54
918
813
110
992
752
988
253
764
639
507
640
167
707
8
331
161
51
288
643
264
780
621
404
820
747
944
614
372
953
730
627
935
804
181
685
251
836
618
951
494
23
483
197
977
528
481
970
613
566
738
318
821
105
731
209
495
272
964
295
492
652
19
48
786
185
662
164
92
965
128
744
289
44
606
15
404
339
167
256
291
767
117
125
373
70
759
848
981
188
134
559
901
563
119
637
702
588
611
54
304
205
229
591
27
758
60
290
63
390
515
644
895
635
283
851
715
341
702
911
285
787
594
484
7
616
790
193
196
237
80
479
681
459
310
249
883
428
711
244
484
379
289
517
615
329
332
419
291
598
604
256
435
955
861
102
437
274
650
324
655
822
218
31
625
641
497
24
81
117
816
788
23
443
958
755
207
580
630
364
428
342
248
392
860
381
173
680
576
157
167
639
34
522
926
869
4
98
960
782
916
509
994
428
42
395
301
556
319
331
86
555
814
945
84
103
34
17
84
256
363
897
908
192
816
275
757
63
264
300
473
196
12
998
436
433
320
216
295
503
64
645
689
167
232
948
416
332
361
786
294
430
335
256
33
171
201
299
73
201
773
751
228
261
837
18
378
242
725
794
224
875
846
836
275
910
544
615
836
312
311
532
749
396
921
494
46
843
566
860
450
230
438
176
891
41
463
635
813
125
132
910
59
222
434
876
568
494
917
739
908
940
812
240
978
228
984
974
791
744
157
293
323
559
558
947
909
677
580
365
453
95
594
478
78
181
293
35
446
362
305
689
104
411
884
487
686
419
620
36
695
124
47
276
899
405
929
753
75
639
761
270
954
71
757
41
735
539
151
779
478
658
188
709
991
100
528
150
592
666
194
107
272
639
329
349
303
393
204
535
334
236
971
284
372
286
532
501
788
553
832
910
700
449
543
479
657
690
864
366
522
902
645
63
867
292
570
680
986
407
496
660
845
368
329
799
888
949
15
113
665
520
320
970
640
206
81
909
406
546
518
739
749
590
16
848
647
625
512
91
375
681
236
343
285
529
129
496
765
155
654
724
90
590
100
880
601
521
730
190
686
356
260
800
583
252
262
332
861
163
19
329
781
157
278
332
419
65
91
430
571
52
664
260
957
836
720
839
187
81
363
105
273
1
894
711
213
260
282
435
325
108
281
580
546
79
260
828
899
679
882
363
640
246
706
470
443
571
620
466
82
899
780
571
713
692
388
227
801
869
222
481
174
276
261
245
452
840
203
664
328
181
875
344
792
462
796
910
390
915
211
200
77
774
940
443
997
343
274
902
814
504
13
818
862
293
396
962
370
83
375
734
572
500
163
545
292
459
479
184
924
612
196
942
351
30
442
571
500
208
273
547
624
297
169
680
402
39
549
870
166
51
391
665
314
934
824
344
77
188
247
437
322
97
145
952
996
479
261
95
168
758
193
939
342
874
828
303
871
337
204
135
855
183
574
750
870
655
426
657
211
207
208
87
142
819
325
994
796
647
721
1
950
805
59
777
916
385
47
290
148
897
927
719
1000
963
561
118
241
467
799
518
604
336
6
823
592
798
769
731
259
251
732
921
480
894
507
893
463
801
347
219
922
506
51
398
369
17
157
166
430
809
41
921
982
575
987
833
147
449
603
373
893
920
270
183
18
923
414
708
868
439
505
518
929
477
642
38
840
471
442
234
998
7
786
891
97
257
619
306
431
651
627
570
729
165
111
120
628
24
795
940
619
756
600
568
454
332
686
110
548
534
129
530
872
788
711
828
197
470
163
162
329
61
129
557
109
614
808
613
615
701
933
562
903
380
304
74
80
753
545
464
296
359
171
308
407
21
304
81
741
708
593
45
365
681
973
553
709
469
924
897
213
196
772
12
940
401
430
681
679
768
662
345
201
139
614
298
697
735
873
791
362
786
757
561
325
676
913
401
816
246
516
611
515
135
551
649
580
902
722
829
665
197
500
672
604
452
707
378
131
366
809
962
85
3
806
770
124
445
175
471
858
739
864
103
658
393
693
459
143
749
902
878
486
345
753
550
217
863
256
502
204
264
102
802
796
552
856
919
933
933
281
797
185
243
453
982
259
234
943
18
506
624
961
466
376
941
789
42
532
770
232
877
578
450
100
307
950
178
911
439
546
199
121
480
94
37
203
910
101
686
756
699
447
316
707
123
350
330
352
197
469
507
628
392
388
619
525
88
545
93
28
179
7
240
282
328
106
95
955
668
65
171
934
123
236
252
554
140
448
922
516
310
286
687
561
292
806
391
730
460
332
136
743
899
482
49
623
757
500
70
195
449
315
390
514
880
472
284
571
679
237
878
880
447
724
806
635
106
847
827
217
770
284
185
730
2
374
940
96
928
83
512
44
411
733
446
904
470
181
729
772
136
557
52
20
220
417
86
543
823
431
168
402
981
311
815
727
535
707
109
827
152
230
343
482
480
603
227
275
530
148
650
661
763
514
190
191
800
544
581
926
317
693
858
619
510
226
211
704
416
734
459
437
532
148
581
836
402
547
37
193
276
517
395
26
522
733
366
274
189
730
518
474
29
537
781
388
305
959
333
279
933
822
658
618
855
416
314
503
42
709
475
514
221
622
385
987
207
848
675
981
749
199
901
293
892
453
779
932
181
24
318
393
476
564
464
960
740
760
922
943
940
189
562
511
127
87
145
279
805
258
178
296
959
183
354
500
500
573
401
928
401
239
152
220
532
161
291
23
36
76
553
897
109
727
125
274
218
161
595
811
110
117
95
189
446
569
229
85
548
981
911
531
512
684
572
344
921
33
22
669
466
718
845
882
89
639
427
339
635
312
581
447
589
585
243
553
250
803
944
19
498
269
537
632
425
921
233
174
283
701
83
625
518
15
899
911
249
0
42
579
141
65
667
57
495
319
733
411
349
46
589
609
510
355
984
371
751
461
115
614
824
901
756
321
598
62
505
482
336
83
991
339
88
94
167
810
232
229
907
366
423
581
773
98
622
535
182
899
379
480
189
981
300
963
744
960
421
739
612
806
279
35
116
831
617
565
435
712
968
469
538
299
883
454
718
534
167
795
295
391
316
779
323
174
259
426
995
838
657
988
57
289
241
822
716
761
117
722
395
412
500
686
265
321
131
390
614
867
461
371
975
311
764
6
445
96
526
919
766
928
825
350
535
264
921
402
421
224
938
734
332
233
369
516
291
972
92
939
217
306
724
560
865
922
456
122
958
320
947
272
939
701
444
740
820
972
100
172
327
843
341
780
929
475
224
332
321
671
978
883
693
932
255
774
355
46
239
113
392
7
377
902
591
201
423
467
243
793
455
643
372
148
715
393
546
956
435
241
757
417
304
885
719
546
863
858
589
87
905
956
326
77
919
418
810
371
708
528
418
729
598
378
967
226
29
51
768
802
958
332
139
742
171
399
834
783
542
641
718
282
276
838
543
628
409
509
761
627
179
119
208
132
384
178
877
596
541
16
177
497
449
169
840
904
776
819
32
461
398
753
403
220
537
619
439
604
165
56
8
684
793
430
955
694
464
514
350
355
758
428
402
177
631
545
2
343
185
879
621
194
825
677
573
603
817
552
691
714
969
510
77
633
983
660
948
664
82
213
498
564
640
640
394
167
903
472
740
381
357
314
308
246
931
67
430
259
24
242
161
600
303
508
273
263
299
301
153
343
131
392
924
886
63
814
969
784
208
432
569
169
410
759
558
636
218
302
700
406
929
868
63
261
849
750
752
639
308
668
185
810
453
644
606
468
525
762
589
370
148
875
111
891
144
901
187
495
507
294
141
160
494
645
372
715
219
120
834
924
736
673
526
903
390
469
21
90
100
32
404
600
345
961
29
208
812
885
216
676
112
555
300
306
462
542
482
921
950
58
570
456
867
858
4
448
587
964
535
543
656
256
535
12
57
563
219
970
136
967
964
605
272
499
513
302
183
247
121
950
737
181
566
77
182
668
519
750
44
751
19
268
299
733
608
812
42
511
258
150
587
416
398
390
824
4
161
547
704
384
514
399
931
155
41
700
266
984
8
313
418
168
742
248
95
274
543
909
675
90
91
58
894
669
737
180
129
224
180
891
94
976
785
65
267
819
153
140
940
899
678
828
572
700
491
144
19
295
591
215
304
785
978
787
821
732
290
767
254
648
808
400
36
161
630
864
866
556
559
190
665
748
472
401
379
663
959
680
166
152
617
188
878
280
678
907
189
837
568
443
394
403
595
367
654
165
219
993
464
914
237
942
188
382
799
41
774
140
367
282
207
738
638
625
795
708
905
424
142
339
619
111
548
825
657
577
594
507
363
355
907
479
554
362
432
703
501
382
55
169
352
971
101
318
609
704
29
138
7
978
670
879
638
637
451
258
181
814
365
472
921
230
886
999
579
123
645
437
84
672
437
168
90
489
51
624
459
281
490
338
919
286
378
776
809
456
745
119
178
632
916
824
462
188
931
751
655
671
796
163
186
1000
848
631
679
700
710
195
378
432
637
755
343
857
510
689
405
432
410
209
492
360
468
773
179
259
646
169
211
553
219
596
303
780
986
52
769
217
641
968
350
250
342
773
205
923
214
518
137
963
440
268
47
370
605
190
48
357
201
715
838
996
509
106
763
482
621
119
440
299
26
113
945
886
7
208
337
657
69
555
755
334
765
786
364
588
596
76
238
944
71
993
596
727
668
509
946
612
141
142
336
979
621
137
347
841
928
54
423
612
849
889
891
330
435
63
304
254
986
271
774
949
25
132
590
50
499
83
762
945
364
741
40
458
967
210
648
515
905
480
189
426
546
59
163
88
43
523
78
941
425
427
445
940
362
405
783
175
254
854
375
5
578
777
707
743
846
767
379
1000
108
75
853
771
646
962
523
203
401
264
505
809
756
219
973
541
406
95
61
787
528
121
172
801
850
542
942
530
991
341
300
118
200
351
804
552
638
994
851
88
470
877
510
125
340
815
413
101
241
626
560
874
401
236
991
798
575
187
931
348
40
659
432
726
687
484
557
358
797
467
808
576
531
498
886
26
647
584
824
614
702
927
221
802
844
631
592
161
282
416
821
940
752
982
346
245
540
315
940
166
194
255
935
779
619
125
290
524
82
72
173
886
614
61
618
642
349
98
381
229
680
407
350
906
453
692
698
471
60
595
536
284
975
700
1000
195
194
171
510
776
77
214
503
955
281
92
16
742
842
317
386
248
962
10
727
588
756
137
15
604
991
482
377
557
874
762
594
65
71
276
959
595
413
795
335
760
227
210
698
555
812
630
479
353
357
173
759
209
511
724
734
550
880
289
884
814
989
425
986
977
596
370
433
209
812
171
339
61
180
101
525
712
719
76
847
798
936
632
235
260
17
249
483
466
700
483
63
568
801
352
215
719
70
976
121
280
764
234
238
608
320
572
756
349
633
667
719
437
652
839
554
136
480
503
621
547
706
927
945
973
443
785
445
398
433
773
854
163
614
627
974
556
758
418
115
682
130
913
341
462
657
152
604
28
718
99
22
77
554
381
275
10
222
697
557
782
180
407
608
417
895
210
111
137
283
549
111
828
442
603
195
375
841
271
894
57
119
572
113
719
664
248
466
957
390
200
2
916
549
551
268
571
907
777
512
582
351
362
601
888
845
835
476
225
640
916
931
663
856
715
161
57
833
572
776
66
162
198
902
974
940
208
626
135
553
19
229
283
317
359
609
265
310
292
815
88
87
767
855
241
335
171
804
400
100
282
761
536
991
285
389
366
592
279
635
865
423
743
684
217
934
21
396
245
399
770
250
800
116
646
311
34
912
278
842
813
865
694
965
695
81
905
214
99
517
367
918
271
125
335
65
614
82
934
773
818
408
959
455
935
106
953
588
264
842
152
271
418
241
252
860
461
166
748
592
375
668
840
520
384
869
479
999
876
771
153
671
751
762
466
208
39
693
348
991
523
496
33
573
937
683
532
40
38
527
410
296
454
371
136
917
768
298
119
452
744
362
834
961
924
661
101
120
114
811
691
475
410
813
876
244
486
843
484
667
869
259
295
15
759
1000
329
264
781
574
680
901
718
75
93
514
891
979
398
604
343
3
221
525
421
10
188
588
620
686
928
155
831
798
765
945
230
904
933
906
88
709
526
735
730
715
145
525
716
403
398
100
76
972
992
283
83
541
123
750
623
855
307
119
691
685
545
638
936
583
964
129
426
150
686
924
54
666
661
78
43
838
676
550
60
372
559
932
345
303
823
1
55
287
681
568
803
592
377
104
923
118
249
168
614
609
810
928
486
131
395
966
424
39
618
119
924
876
912
322
211
94
1
277
548
73
970
341
57
590
926
162
328
843
988
461
816
147
389
854
752
621
62
749
891
522
951
175
900
463
660
854
634
324
797
964
844
577
457
807
85
669
925
29
735
273
556
150
56
512
226
873
185
691
453
85
783
696
519
502
819
981
465
603
649
970
850
931
94
796
534
800
704
509
588
179
775
285
575
843
979
713
141
877
642
935
806
289
822
266
317
784
331
940
731
707
763
782
654
820
402
977
697
817
621
503
257
434
989
540
212
612
862
859
946
393
668
219
435
150
437
879
762
321
394
569
530
989
591
750
143
583
614
479
793
460
380
22
309
318
930
161
744
253
880
240
656
742
923
175
598
3
338
11
225
10
999
119
796
842
746
801
531
264
366
893
519
125
565
943
304
654
523
662
366
789
617
664
957
450
845
940
617
42
346
128
812
561
153
410
751
357
974
764
404
37
380
396
167
947
250
408
396
408
672
118
253
221
829
33
921
913
571
140
253
891
462
65
385
974
117
635
599
701
542
575
60
495
1
376
626
991
697
861
981
797
110
604
868
542
456
182
970
300
106
138
332
417
196
681
848
265
881
410
450
751
880
737
103
179
999
290
620
695
307
301
599
629
513
857
517
982
887
959
96
727
744
513
606
802
141
753
669
437
892
81
514
970
461
26
278
374
605
779
213
564
822
817
92
906
853
214
168
518
467
557
326
652
731
810
885
858
800
119
665
703
45
271
528
538
949
451
569
134
812
32
555
108
771
348
7
671
2
786
505
632
269
101
432
551
188
518
405
593
657
77
23
961
911
682
448
736
575
461
532
581
914
406
875
40
177
710
246
107
595
881
234
307
97
479
905
820
282
321
453
34
506
29
585
517
210
148
377
568
783
401
892
426
303
279
731
716
502
865
969
890
130
683
652
291
756
423
162
938
643
578
233
288
26
375
371
61
558
938
752
648
114
224
382
770
513
176
507
823
846
439
750
777
329
181
447
595
559
846
24
882
27
66
995
862
606
661
361
886
435
303
779
325
349
447
833
128
509
126
161
327
401
494
982
465
741
345
763
253
95
418
419
781
249
970
402
228
416
972
520
364
422
285
118
66
887
357
514
725
237
277
218
667
151
551
524
685
600
549
510
322
238
410
355
835
335
119
156
648
738
579
80
674
684
764
818
86
389
474
727
23
416
765
22
189
821
858
612
552
931
251
920
141
412
768
136
470
955
482
867
231
538
836
67
766
698
757
498
225
670
255
642
518
581
821
231
849
73
908
6
162
909
920
359
837
99
446
823
754
83
896
174
260
294
323
77
593
234
978
785
80
826
50
392
763
377
141
562
143
968
215
396
442
461
211
387
71
610
998
956
53
922
67
125
750
66
241
308
582
592
631
998
384
630
319
414
664
103
499
792
314
650
332
56
250
127
394
65
55
90
398
513
946
66
804
788
273
828
60
835
357
76
469
82
637
166
78
34
14
509
609
2
780
310
120
745
719
161
29
519
800
784
136
133
384
930
506
130
22
36
416
139
712
734
91
793
986
721
618
319
277
835
241
77
837
382
271
863
860
895
893
743
617
550
540
579
104
404
904
139
129
460
248
890
838
329
497
131
351
913
453
154
626
106
587
450
595
989
77
853
409
336
155
665
884
620
367
449
286
785
52
194
234
253
204
968
790
579
886
28
813
90
539
594
227
683
872
98
175
646
451
853
928
31
809
452
39
615
631
149
469
940
564
685
297
282
281
744
219
636
709
280
233
963
721
450
779
42
217
796
148
212
196
602
147
169
342
74
841
806
688
105
706
726
100
891
672
700
722
614
341
816
976
730
144
490
449
130
295
837
761
607
228
91
529
592
572
940
670
110
873
626
570
231
981
657
113
96
420
769
156
767
160
580
798
706
870
21
732
731
144
176
16
630
216
676
849
471
324
135
304
808
298
436
566
641
866
828
834
968
879
939
6
221
943
770
198
704
911
680
347
377
332
179
489
2
190
55
756
696
246
13
790
395
863
533
55
619
436
78
506
172
480
174
122
101
942
83
158
324
575
3
298
815
41
762
538
140
952
960
326
438
247
400
371
638
153
417
594
833
427
413
885
250
814
524
684
162
372
814
923
452
853
833
523
251
413
686
496
240
711
963
629
735
902
44
927
651
98
300
240
801
648
674
968
740
951
951
341
573
630
821
545
696
552
444
851
443
588
850
25
23
37
935
496
892
298
229
143
958
729
875
146
605
641
453
990
545
4
403
616
942
772
771
700
69
674
943
211
41
991
835
741
735
47
737
547
138
137
625
942
797
176
317
386
861
596
267
659
564
954
143
541
594
231
616
725
930
45
898
93
180
865
698
66
388
846
175
455
531
84
395
152
687
932
560
37
932
507
975
647
552
706
323
560
103
800
323
928
156
198
231
251
316
58
15
357
266
221
201
470
104
360
558
448
231
349
799
520
392
587
443
328
252
416
806
673
69
846
858
136
591
499
353
663
322
64
175
254
664
589
360
188
276
598
585
513
180
402
256
174
748
928
470
770
764
53
242
827
141
790
415
501
721
529
552
738
826
302
928
309
889
178
491
572
503
937
263
475
739
689
196
95
397
410
953
969
163
223
398
568
304
827
902
546
611
713
632
779
803
654
169
840
505
482
679
224
176
373
800
581
128
681
184
215
851
868
301
344
378
225
728
933
400
902
663
470
89
200
800
684
415
254
997
49
835
942
454
902
784
356
179
121
395
237
602
640
195
494
117
475
309
380
199
595
912
933
473
701
184
997
801
908
103
525
991
388
700
895
240
292
308
641
770
610
470
354
409
227
810
507
104
87
201
591
370
259
985
284
759
696
808
339
311
670
925
457
771
171
422
767
60
31
882
381
176
208
477
168
155
421
331
59
241
299
265
163
712
311
713
491
82
991
686
330
573
413
150
154
781
439
72
510
479
977
691
484
353
406
293
217
244
337
871
400
198
102
552
873
185
708
662
229
877
507
551
816
280
508
99
613
335
71
962
301
809
723
125
206
956
943
362
939
447
93
479
281
9
107
72
280
65
126
651
546
421
99
569
515
719
214
232
760
917
155
394
479
558
376
188
999
949
987
747
428
662
395
863
628
990
531
172
301
19
358
776
325
79
357
28
403
154
889
493
740
714
598
660
739
131
575
140
613
461
565
444
445
931
363
350
440
903
435
150
22
427
953
692
19
776
662
275
335
468
443
897
453
421
990
285
576
779
757
413
442
896
234
941
665
697
624
105
959
380
216
132
770
961
119
143
616
728
480
892
933
47
47
375
335
276
716
528
977
799
684
756
127
282
13
28
184
324
637
598
78
594
345
194
425
405
864
735
867
430
923
140
709
920
97
864
400
362
328
124
360
986
209
639
398
886
555
858
279
853
281
314
2
171
354
734
994
739
392
968
757
882
543
638
451
142
413
641
523
144
154
287
771
331
301
913
176
61
575
250
406
16
684
725
160
365
80
90
421
455
751
513
232
71
391
299
850
444
702
925
976
266
160
953
323
973
307
702
924
365
530
256
457
506
310
504
366
472
150
419
663
137
723
743
170
709
310
516
376
102
267
710
215
598
69
276
893
398
484
568
241
903
543
969
269
478
289
990
227
505
724
815
998
287
977
505
607
200
495
595
417
93
961
857
920
521
723
381
55
890
761
906
716
943
579
578
371
320
1
902
811
105
479
679
600
395
458
157
204
891
290
438
652
471
399
438
269
482
698
355
285
229
760
602
19
772
875
683
999
662
910
309
549
720
855
346
352
271
36
840
981
533
242
481
680
6
414
324
491
781
165
498
393
648
72
935
259
798
612
853
339
641
644
846
408
12
537
954
917
616
402
6
282
30
400
878
906
80
765
24
639
614
12
815
219
21
774
727
574
910
846
432
43
411
332
172
288
539
201
566
49
846
210
201
5
409
872
932
664
814
95
783
630
373
200
771
579
327
197
752
986
82
684
606
979
911
184
698
696
661
500
544
171
171
475
89
69
56
617
785
605
460
141
914
535
186
381
280
451
340
952
386
494
234
708
706
230
869
327
539
649
719
300
168
179
921
219
735
143
198
511
346
317
43
188
393
108
711
762
959
421
583
195
511
431
331
656
768
363
72
884
744
838
449
178
513
521
112
366
125
618
631
636
483
213
242
781
703
580
177
219
618
375
529
152
668
52
746
344
346
921
879
309
751
37
654
152
566
507
285
885
955
830
705
837
453
658
530
680
919
688
687
664
13
442
50
889
461
391
865
847
571
182
976
972
106
772
116
676
600
883
570
190
651
533
554
525
585
347
564
71
51
965
752
651
842
184
117
327
208
356
939
925
458
167
396
988
434
217
776
877
796
639
15
782
652
626
577
725
220
938
820
21
638
276
91
251
988
42
751
520
851
77
197
694
467
893
781
303
646
374
142
44
116
85
163
146
936
122
171
382
891
929
481
189
584
604
674
159
20
24
221
171
98
508
200
564
314
872
891
28
410
466
967
371
425
167
877
897
796
377
711
911
759
792
576
781
249
85
13
61
943
653
501
405
839
272
446
405
26
877
369
16
868
612
160
940
860
30
408
172
878
556
780
995
298
348
366
759
796
295
709
247
183
150
958
786
788
762
225
980
258
937
756
705
597
730
963
963
457
839
734
282
445
365
655
642
231
401
984
300
775
785
244
478
851
890
315
592
395
487
731
616
846
599
747
187
830
702
361
276
18
844
120
602
919
19
34
488
710
614
319
505
965
870
29
93
225
80
843
330
995
676
413
141
617
427
712
558
919
782
759
70
240
701
957
716
649
470
21
340
755
643
160
352
468
660
691
386
507
715
814
515
210
119
585
49
453
763
452
487
50
261
896
888
76
34
823
819
947
874
355
990
937
513
577
912
48
353
624
205
814
758
202
680
609
273
281
936
600
724
215
53
212
376
16
856
370
261
823
354
360
322
890
252
310
252
560
797
723
767
777
831
429
590
632
654
603
605
362
167
220
465
960
835
409
470
288
180
719
651
153
916
203
810
329
280
604
766
911
878
601
122
702
79
296
702
578
80
603
194
870
816
211
679
864
232
129
407
470
883
599
647
931
389
334
462
209
107
647
974
376
236
977
88
847
673
769
632
819
187
422
578
638
830
259
353
89
60
59
226
835
790
740
435
267
349
186
4
124
454
60
182
39
374
670
58
99
854
605
165
132
809
931
855
144
462
153
774
799
373
49
61
333
773
742
758
597
706
40
491
212
777
188
721
955
672
616
693
580
244
216
771
250
652
958
27
621
949
338
782
412
555
329
297
15
236
951
983
248
597
561
275
887
571
284
818
35
97
707
703
687
967
163
294
56
823
442
604
407
435
732
276
120
646
978
981
703
860
579
422
271
537
567
233
816
925
942
731
193
161
885
887
390
2
906
904
34
593
841
448
557
149
780
969
652
930
632
482
900
583
80
896
512
812
64
240
155
315
786
129
727
129
476
417
775
813
794
278
974
423
781
876
699
834
766
392
283
766
459
409
970
849
768
553
938
121
525
890
29
668
400
721
954
474
790
375
835
193
321
53
913
229
959
3
136
419
372
151
100
672
368
764
549
89
689
940
211
480
411
472
262
652
517
134
106
590
954
538
517
399
621
511
347
908
299
350
209
953
489
428
512
656
480
357
219
470
746
309
520
357
958
193
359
233
450
45
464
746
8
415
18
500
207
524
674
102
353
680
898
771
274
741
13
800
837
468
426
873
68
200
645
77
198
654
741
480
778
563
740
296
243
532
324
1000
981
747
891
226
957
106
679
934
461
944
200
95
375
755
645
138
636
245
292
460
245
568
219
611
279
851
724
138
792
970
4
701
469
57
552
733
130
439
636
894
922
483
27
521
137
417
802
556
149
241
663
724
817
738
734
295
119
16
166
419
472
150
261
815
326
253
966
638
233
781
810
428
471
906
323
382
738
608
945
604
154
469
282
621
13
280
331
210
282
233
918
494
874
871
216
330
81
989
641
283
367
379
810
813
932
610
555
889
78
89
159
934
411
257
72
842
350
97
396
839
254
125
311
135
705
591
460
625
132
972
995
367
28
722
668
248
442
852
839
988
317
153
738
615
518
801
678
657
33
602
134
520
964
394
811
991
377
969
844
330
997
402
294
207
14
889
946
543
12
999
200
453
81
773
601
621
785
231
43
812
488
688
304
757
961
701
888
288
848
649
522
447
803
668
865
263
574
147
91
28
341
37
94
210
935
18
964
569
349
929
234
674
136
960
194
761
851
796
164
799
716
294
251
708
46
287
535
909
810
804
44
748
867
326
160
925
91
720
256
711
558
94
516
628
427
200
860
259
986
896
804
40
554
877
929
192
578
97
336
450
335
300
95
875
83
600
238
834
384
373
291
171
581
563
679
720
112
96
602
543
392
318
138
740
506
209
387
191
855
699
458
397
175
563
990
394
98
227
632
827
478
308
685
435
287
876
608
554
780
216
699
772
960
357
570
535
128
736
441
321
437
150
444
987
921
604
283
26
440
711
620
784
339
91
523
91
365
593
117
440
624
225
388
523
872
417
697
940
473
566
181
888
736
908
644
947
130
366
951
407
120
448
219
152
946
194
284
816
696
864
17
783
480
368
95
595
293
386
707
546
438
761
514
500
9
17
911
524
987
822
243
512
943
733
198
784
259
901
5
618
977
243
444
734
103
185
922
59
306
275
14
486
352
866
960
937
610
560
555
749
195
326
792
331
59
7
339
18
438
469
700
323
589
761
432
86
692
493
369
559
90
90
147
138
816
705
695
257
479
341
544
960
143
209
965
802
788
375
950
12
299
544
30
317
723
233
742
415
669
600
324
867
360
966
884
85
798
409
846
168
900
834
950
570
298
631
476
980
662
346
627
326
43
817
223
532
752
839
934
478
710
788
289
680
49
544
644
323
967
706
34
639
487
372
653
93
863
673
238
468
749
852
270
755
210
935
244
686
848
928
693
860
21
30
868
677
246
602
122
717
291
456
170
762
443
594
287
408
680
694
473
95
202
489
343
413
904
667
207
776
861
95
406
867
871
969
486
817
375
940
179
713
874
438
494
869
44
129
445
284
383
925
64
840
76
36
387
66
249
311
53
812
437
497
985
672
360
134
387
892
635
498
977
291
44
383
875
896
398
548
128
149
802
316
165
6
386
199
782
715
118
356
464
808
390
414
940
712
458
423
852
328
680
749
366
180
705
267
348
997
432
550
442
108
615
641
57
657
410
620
761
424
85
394
31
24
326
72
712
332
279
821
685
239
558
320
529
306
911
838
917
409
148
405
550
221
252
838
254
283
259
131
672
412
652
279
677
453
514
713
239
681
608
371
949
726
892
878
859
511
720
410
590
564
112
650
875
13
50
615
858
733
679
263
492
381
706
542
323
558
7
903
789
859
681
407
937
430
316
251
104
501
281
894
680
455
209
28
545
254
652
295
165
390
113
995
588
98
239
48
807
265
17
107
27
307
215
17
415
335
161
819
755
63
175
88
344
252
632
683
99
974
665
917
528
600
12
759
731
230
318
910
52
201
533
508
352
461
682
775
96
818
386
136
678
516
4
210
379
161
134
596
433
734
560
579
455
347
391
701
355
427
293
648
492
183
198
64
457
640
840
709
375
949
767
814
6
423
232
686
266
544
527
287
999
149
828
46
971
179
643
181
78
653
266
602
730
959
425
840
167
197
513
526
306
46
325
649
278
546
280
184
464
280
423
752
260
657
380
591
218
385
594
530
455
772
808
593
463
191
777
559
508
911
615
90
839
480
21
3
822
57
862
905
952
379
235
653
389
540
204
94
323
424
816
50
998
378
924
831
655
704
580
434
34
632
432
139
296
717
680
440
395
998
576
111
26
849
425
766
215
192
267
396
493
599
185
276
432
882
269
81
945
967
802
228
403
179
149
264
111
627
179
591
73
978
749
921
344
807
997
670
427
644
667
893
375
985
693
478
215
841
613
72
325
836
171
571
198
487
629
127
801
34
887
298
387
144
523
338
211
845
246
690
25
330
36
383
667
606
502
414
297
540
557
156
59
544
553
530
7
997
438
942
201
521
340
990
707
385
202
542
135
645
760
89
16
110
196
173
967
862
259
335
132
833
501
221
845
938
564
425
748
305
129
190
953
473
186
306
886
786
835
422
614
843
657
512
370
543
61
419
884
203
655
245
942
215
856
855
238
968
453
900
239
58
765
602
224
387
360
987
142
339
60
363
180
139
92
676
212
401
791
727
396
61
230
399
227
165
511
750
324
429
214
230
29
100
702
375
700
422
524
993
201
903
200
283
695
669
998
313
283
443
191
3
451
21
440
63
534
723
554
371
628
950
969
904
471
863
611
649
810
199
751
895
683
405
595
920
895
612
83
367
630
439
373
554
829
253
958
515
462
322
230
862
292
227
577
427
47
16
765
229
206
853
458
495
734
308
199
363
181
59
82
427
562
434
649
430
243
183
240
303
932
878
160
207
490
524
519
398
943
364
560
564
506
335
593
712
922
313
420
849
668
126
251
428
849
273
693
27
702
426
334
750
692
114
810
648
99
399
12
825
874
986
295
961
259
967
65
710
371
314
207
784
474
316
110
590
171
370
940
937
110
958
937
704
86
152
200
335
616
704
385
686
161
633
204
66
190
235
437
275
148
615
396
42
266
136
449
609
821
728
238
41
130
544
703
549
67
338
877
246
326
819
695
756
