0
2
2
3
4
5
8
9
10
17
18
19
20
23
23
24
24
27
27
28
31
32
41
42
43
45
47
49
52
54
55
56
60
63
64
66
67
67
68
68
68
68
68
72
72
77
84
85
86
88
88
88
88
92
92
93
94
94
95
95
96
96
99
101
101
103
107
108
109
111
114
118
118
120
125
126
126
127
128
128
128
132
134
134
135
135
136
136
137
140
141
142
142
144
144
144
149
151
152
152
154
154
155
157
158
165
166
169
169
171
175
180
180
181
182
183
184
188
189
191
192
193
196
197
202
205
205
207
207
210
211
212
212
212
216
217
217
218
220
222
223
226
227
228
229
229
231
231
235
238
239
242
243
244
245
246
249
249
250
252
253
255
262
263
263
264
266
266
266
267
267
269
269
271
271
272
273
273
276
276
276
279
280
283
285
287
292
292
293
293
294
299
300
301
302
303
304
306
310
314
315
315
316
316
320
321
321
321
322
323
323
327
330
331
333
334
334
335
335
337
338
340
340
340
342
343
344
345
347
349
353
353
354
355
356
356
360
362
363
363
363
367
370
370
371
375
378
378
378
380
382
384
385
388
389
389
390
392
392
393
394
395
397
399
399
399
402
406
407
407
409
410
413
415
419
420
425
426
427
427
429
430
431
432
433
434
434
435
436
442
444
445
445
446
446
447
447
450
455
455
457
461
464
467
467
468
469
472
480
481
482
487
489
489
492
492
492
492
494
494
494
494
497
498
501
501
503
509
510
510
511
513
513
514
516
518
520
521
521
522
523
524
525
526
527
529
530
530
531
531
534
535
535
535
536
539
542
544
549
550
551
552
553
555
558
558
561
561
561
562
563
565
566
566
568
570
570
571
573
573
573
574
574
575
577
584
584
585
586
586
587
587
589
591
592
597
597
599
602
606
607
607
608
611
618
619
621
622
622
623
625
628
628
629
629
629
632
634
637
637
639
640
641
646
646
648
652
652
655
657
663
666
666
667
668
672
673
676
678
678
679
680
681
683
691
693
694
700
703
703
704
706
707
707
708
708
710
710
711
713
715
716
718
718
719
719
720
723
723
724
724
725
725
728
730
735
736
739
743
743
748
750
751
753
755
759
760
761
763
766
767
768
769
776
777
778
781
781
781
782
787
788
790
793
794
794
794
795
796
796
797
798
800
804
807
807
811
813
813
815
815
817
819
823
824
826
826
828
830
833
835
835
835
837
838
838
839
840
840
840
842
845
849
849
850
852
853
855
856
856
858
867
868
872
873
873
877
878
880
881
881
883
883
884
885
890
890
891
892
892
897
898
898
898
899
902
903
905
906
908
908
909
913
913
915
916
916
917
922
923
927
927
929
930
932
934
935
936
937
938
939
939
941
943
944
948
948
949
951
952
953
954
954
956
958
960
960
960
961
963
963
965
966
967
967
969
972
974
976
979
981
982
985
987
988
989
989
990
990
997
