2
11
12
13
31
32
35
39
44
46
47
51
68
70
96
103
108
109
112
114
115
123
131
135
159
160
169
170
173
178
182
183
193
193
194
198
209
214
219
226
230
230
232
237
239
241
245
246
247
251
257
266
268
271
278
305
322
330
344
346
356
359
360
367
370
390
391
392
409
413
415
419
427
434
445
448
456
456
459
461
466
469
475
481
484
484
493
498
500
503
505
506
517
518
529
538
543
547
550
554
556
562
562
565
572
572
596
601
601
606
615
617
626
629
644
645
705
753
760
761
761
764
765
768
781
789
799
799
809
809
811
816
819
822
822
833
838
842
845
846
855
857
867
875
878
887
901
903
909
916
917
922
933
957
959
975
976
982
991
991
