1
3
9
10
11
21
35
36
41
49
59
61
67
75
77
79
89
92
108
115
121
124
128
155
155
160
165
171
188
193
195
202
205
206
206
224
228
240
251
259
267
268
268
268
275
278
283
287
292
303
306
310
312
313
324
324
333
333
335
338
345
348
366
380
401
404
412
413
418
419
419
433
436
447
457
460
466
472
474
475
476
478
483
492
501
508
521
524
524
525
528
530
545
548
548
600
606
610
613
616
616
626
632
648
649
655
658
662
665
665
667
679
696
715
730
733
735
746
770
771
774
774
778
779
785
803
806
806
810
811
814
817
838
841
841
845
860
864
866
884
891
901
905
906
915
919
919
935
943
946
947
948
955
958
964
976
978
978
994
998
