0
2
6
7
10
11
12
13
16
17
21
23
23
25
26
26
31
32
33
34
34
35
36
37
37
37
39
44
44
45
46
47
50
50
50
51
51
60
60
61
64
68
69
70
71
71
74
77
81
83
84
85
85
85
92
95
96
96
98
98
101
103
103
106
108
109
112
114
114
115
116
118
118
120
121
121
121
123
123
124
125
129
130
130
131
131
132
132
132
132
135
136
140
141
142
144
149
149
150
151
152
154
155
156
157
158
159
160
160
161
161
162
163
164
164
167
168
169
170
170
173
177
177
178
180
182
183
183
183
185
187
188
192
193
193
194
194
196
196
197
198
204
204
209
210
210
214
215
216
218
219
219
223
224
226
230
230
231
232
233
237
238
239
241
242
243
244
245
245
246
247
248
250
251
255
257
258
258
260
266
268
269
270
270
271
273
275
277
277
278
281
283
285
289
289
292
294
295
297
304
304
305
306
308
310
312
315
322
322
322
323
328
330
331
331
335
335
335
337
339
341
343
344
346
348
350
352
355
355
356
356
359
360
360
363
367
367
369
370
371
371
375
377
378
380
381
381
385
385
387
387
387
389
390
391
392
392
393
393
403
404
409
410
413
415
415
419
421
422
423
424
424
427
429
432
434
435
437
441
444
444
445
446
447
448
451
452
456
456
457
458
459
461
464
465
466
468
469
472
472
474
475
475
475
477
481
482
484
484
485
488
489
493
493
494
495
497
497
498
498
500
500
502
503
503
505
505
506
507
511
515
517
518
518
520
520
526
528
529
529
529
532
532
533
534
535
538
539
540
543
543
544
544
546
547
547
547
548
549
550
554
554
556
560
560
561
562
562
564
564
565
568
572
572
572
573
575
581
581
581
581
582
586
589
596
596
598
601
601
602
606
606
607
610
611
611
612
614
615
615
615
617
617
620
625
626
629
635
639
641
643
644
645
645
645
650
656
657
657
658
661
661
662
663
663
667
668
672
673
674
676
677
678
680
684
685
688
689
690
691
691
692
693
693
694
696
697
701
701
702
704
705
705
706
706
710
712
713
713
714
718
718
719
720
721
723
727
732
732
733
734
735
735
743
746
748
748
753
753
753
757
758
759
759
760
760
761
761
763
764
765
768
771
774
775
780
780
781
782
784
784
786
787
787
789
791
793
794
795
799
799
799
802
802
805
809
809
810
811
814
815
816
817
818
819
819
820
820
821
822
822
824
824
831
833
833
834
834
836
837
838
840
841
841
842
844
844
845
846
847
851
851
851
854
855
855
857
860
861
864
865
867
870
872
874
874
875
876
878
879
879
880
880
881
882
886
887
891
891
895
897
898
900
900
901
903
906
909
910
914
916
917
917
920
922
924
926
926
927
927
931
932
933
935
936
938
940
944
944
946
947
948
955
957
958
959
959
963
968
973
974
975
975
976
976
976
979
979
981
982
982
988
991
991
993
993
994
996
997
997
