0
1
2
10
11
12
15
24
27
27
27
28
30
32
36
39
46
52
56
56
58
58
61
63
67
68
72
73
85
87
89
90
90
92
92
95
96
102
103
104
108
111
111
113
119
125
125
128
130
131
133
137
139
140
141
149
151
154
157
161
162
168
169
179
179
186
188
192
192
197
200
204
204
206
215
225
228
238
243
245
246
256
259
260
263
268
269
274
280
281
284
294
303
304
305
306
313
313
316
317
325
326
326
330
339
343
344
346
346
347
347
355
355
355
358
365
378
379
383
388
390
393
394
398
403
404
405
418
418
421
430
437
439
441
442
443
447
449
452
455
457
458
461
462
463
466
470
471
475
475
478
483
490
500
500
501
506
519
522
526
529
530
531
536
537
541
542
546
547
549
557
561
562
575
576
591
592
593
593
606
606
611
612
626
627
630
630
631
633
637
637
637
643
643
644
646
649
652
657
659
668
671
676
681
683
685
691
693
695
695
696
697
697
697
702
704
717
719
721
724
727
727
727
727
730
732
732
733
734
740
741
742
743
747
747
748
748
749
752
753
761
761
764
765
771
772
773
778
783
789
793
795
795
796
798
799
799
802
805
805
810
811
811
816
822
822
825
832
832
836
850
853
855
856
860
863
865
876
876
876
881
884
893
896
898
900
905
906
906
907
909
913
913
916
919
919
924
927
934
935
935
943
947
948
951
951
952
952
953
953
954
955
956
971
974
976
978
980
992
995
