2
3
8
9
12
15
15
16
17
25
28
29
29
29
32
33
37
38
39
39
42
48
48
50
51
63
76
82
88
92
95
95
98
101
105
108
111
116
118
122
123
123
126
127
128
132
138
139
139
143
145
153
159
160
161
163
165
166
170
179
190
200
201
203
205
211
211
212
215
216
219
219
220
222
227
229
234
236
237
237
239
239
242
256
256
259
259
260
261
261
262
264
266
274
276
277
281
283
283
284
286
287
293
299
306
310
312
316
321
323
335
336
337
352
358
359
360
364
368
372
374
379
380
383
387
390
402
411
413
413
418
419
419
422
424
426
427
436
438
438
440
444
449
450
452
452
454
457
465
479
480
486
490
491
495
496
496
506
506
507
507
508
515
522
525
526
527
536
541
543
544
548
549
556
557
566
570
572
574
575
576
580
580
582
584
585
592
594
594
600
601
602
604
606
608
611
623
628
631
631
632
637
638
640
647
647
653
658
660
661
662
663
663
668
671
673
673
675
678
680
683
684
684
685
689
689
690
693
700
702
708
714
715
720
723
723
723
726
728
730
731
731
732
738
744
745
746
747
750
750
751
751
763
764
769
770
771
773
778
782
783
784
787
791
792
795
796
798
801
801
806
810
811
812
815
817
818
818
827
829
837
839
842
847
848
849
859
864
865
872
879
879
881
882
886
888
896
900
906
908
913
921
927
927
937
938
950
957
971
979
981
983
988
992
993
993
996
998
998
1000
