7
23
34
37
37
50
50
60
60
71
74
83
95
103
106
114
118
121
124
132
132
132
141
151
152
155
161
162
168
170
187
188
194
196
196
215
216
223
233
243
250
258
258
260
270
275
277
277
281
289
292
295
297
304
310
323
335
348
350
355
367
369
387
392
403
422
424
435
441
447
451
457
458
472
489
495
497
520
529
529
533
534
544
546
547
560
564
573
582
589
596
610
612
614
617
645
656
661
663
663
668
672
673
677
678
684
689
691
692
693
694
705
710
712
713
714
723
732
732
734
753
757
758
771
775
784
786
802
815
818
834
840
841
841
851
854
860
861
865
872
874
876
879
882
891
895
900
910
927
938
948
974
975
976
976
979
988
993
994
996
