0
0
2
4
8
19
21
21
28
35
44
45
57
64
64
68
75
76
78
79
81
82
82
82
86
87
88
94
100
101
121
123
125
126
128
131
131
135
136
136
137
140
141
146
149
150
151
156
157
158
161
161
161
163
166
166
169
173
180
182
182
189
206
211
211
216
219
224
225
232
233
233
235
238
247
250
253
255
262
266
271
272
272
276
281
286
286
287
289
294
295
296
305
306
309
309
311
311
313
318
320
321
323
324
325
331
332
336
344
346
351
357
360
362
363
363
367
373
382
395
395
399
400
400
401
405
407
410
410
412
419
427
428
429
436
437
438
439
441
444
445
447
449
462
464
465
465
469
474
476
476
482
485
492
495
496
498
500
500
500
506
508
513
513
514
516
518
520
520
521
526
533
536
538
539
543
543
543
545
546
548
555
558
561
562
562
564
569
571
572
581
584
584
585
586
588
588
592
594
598
604
604
607
608
608
609
611
613
613
616
617
619
619
619
624
628
629
630
632
634
639
639
643
660
668
675
682
686
688
689
692
697
699
710
712
716
720
721
725
727
730
731
734
736
739
740
747
748
759
765
766
767
767
767
772
772
774
776
786
794
795
801
802
806
806
813
814
824
826
845
853
854
859
861
865
867
868
869
870
870
873
875
877
880
881
883
883
890
896
902
910
916
917
917
920
920
920
921
928
930
931
933
934
935
945
945
954
954
957
968
974
976
977
979
982
988
990
994
997
999
