1
2
3
3
5
8
9
9
10
11
12
15
15
16
17
17
21
25
28
29
29
29
30
32
33
34
34
35
36
37
38
38
39
39
41
42
45
48
48
49
50
51
59
61
63
65
67
70
75
76
77
79
81
81
82
88
88
89
92
92
94
95
95
98
101
105
108
108
110
111
115
116
118
121
122
123
123
124
126
127
128
128
132
138
139
139
140
143
143
144
145
146
147
150
153
155
155
159
160
160
161
163
165
165
166
170
171
179
182
184
188
190
193
195
197
200
201
202
203
203
205
205
206
206
206
206
207
211
211
212
215
216
216
219
219
220
222
224
226
227
227
228
229
234
236
236
237
237
239
239
240
242
251
251
251
253
256
256
258
259
259
259
259
260
260
261
261
262
264
266
267
268
268
268
268
274
275
276
277
278
281
282
283
283
283
284
286
287
287
292
293
293
299
303
306
306
310
310
312
312
312
313
313
313
316
317
321
323
324
324
329
333
333
335
335
336
337
338
345
348
352
352
356
358
359
360
364
366
368
371
372
373
373
374
379
380
380
383
383
387
387
389
390
390
393
401
402
403
404
410
411
412
413
413
413
413
418
418
419
419
419
419
422
424
426
427
427
432
433
436
436
438
438
440
441
444
447
449
449
450
450
452
452
454
454
457
457
457
460
464
465
466
472
474
475
476
478
479
480
483
486
487
487
490
491
492
494
495
496
496
498
500
501
502
504
506
506
507
507
508
508
510
515
515
521
522
524
524
525
525
526
526
527
528
528
530
530
536
537
541
543
544
545
546
548
548
548
549
556
557
560
566
567
569
570
572
574
575
576
580
580
580
582
584
585
587
592
594
594
594
594
596
598
599
600
600
601
602
604
606
606
608
610
611
612
613
615
615
616
616
623
626
628
629
631
631
632
632
632
636
637
637
637
638
640
647
647
648
649
652
653
655
658
658
659
660
661
662
662
662
663
663
665
665
667
668
671
673
673
673
675
678
679
679
680
681
683
684
684
685
685
685
689
689
690
693
695
696
700
702
705
708
711
714
715
715
716
717
719
720
720
722
723
723
723
726
728
730
730
731
731
732
732
733
735
738
744
745
746
746
747
749
750
750
751
751
753
754
759
763
764
769
770
770
771
771
773
773
774
774
778
778
779
782
782
783
784
785
787
787
788
790
791
792
794
795
796
797
798
801
801
803
806
806
806
810
810
811
811
812
814
815
817
817
818
818
821
827
829
837
838
839
841
841
842
845
847
848
849
856
858
859
860
862
863
864
864
865
865
865
865
866
872
875
879
879
881
882
884
884
884
885
886
888
888
890
891
893
893
896
898
900
901
904
905
906
906
908
910
910
913
915
919
919
921
926
927
927
927
930
934
935
937
938
938
940
943
946
947
948
950
955
956
957
958
961
964
965
971
973
974
974
976
978
978
978
979
981
983
988
988
992
993
993
994
996
998
998
998
1000
