4
5
7
12
13
14
15
16
20
27
28
30
31
33
37
38
41
49
50
51
56
56
60
65
67
70
70
75
76
77
80
87
87
91
94
94
96
96
96
97
102
103
103
103
105
106
106
108
109
109
113
113
117
118
120
125
129
137
154
159
168
168
168
171
172
177
178
179
182
184
192
195
196
196
199
200
202
204
210
211
216
217
219
222
223
225
226
227
230
241
241
241
243
253
259
260
263
265
267
269
274
276
276
276
278
280
280
282
286
288
292
293
293
294
296
297
302
302
303
308
313
313
315
323
324
336
340
343
348
353
356
359
359
364
365
366
367
367
369
370
373
377
383
386
392
399
404
409
409
411
413
413
425
448
448
452
454
454
456
459
460
471
477
478
490
495
496
498
502
509
509
517
519
530
535
540
543
545
546
546
548
554
554
559
565
570
571
572
578
582
587
588
589
594
597
598
602
608
613
617
617
618
619
619
626
626
628
631
632
633
638
639
642
644
648
660
660
664
664
667
671
674
675
679
685
686
687
690
692
694
694
695
696
697
697
699
701
706
707
708
708
711
715
718
722
723
724
726
726
728
729
734
737
745
748
750
756
757
761
762
764
775
775
778
783
786
788
789
792
792
794
795
797
802
804
814
820
824
832
833
834
843
848
850
865
867
869
871
874
874
880
883
903
903
904
905
908
912
914
917
921
924
928
938
942
957
957
957
961
961
963
964
969
969
971
983
984
985
990
992
