1
2
7
13
18
24
36
38
41
45
46
49
54
56
64
64
68
68
70
73
76
77
86
90
90
91
92
93
94
96
96
99
100
104
106
107
114
115
116
118
120
122
123
127
128
130
131
132
137
140
146
147
149
151
152
160
174
174
185
187
188
190
191
195
198
202
202
203
203
203
203
204
209
221
222
223
230
252
255
259
260
264
269
272
274
275
277
286
289
291
298
300
305
306
312
313
314
315
317
321
327
330
336
344
350
356
359
360
364
365
368
369
376
381
381
382
383
384
387
395
395
400
402
410
413
413
414
414
420
422
424
424
429
430
434
434
442
459
460
464
466
469
472
478
481
485
487
491
493
494
496
500
505
507
509
511
512
516
522
523
523
527
528
529
530
531
532
532
539
540
547
549
551
551
554
554
556
558
560
574
576
581
583
583
584
584
586
595
606
609
616
617
617
618
625
625
626
632
636
638
639
640
643
652
656
657
668
673
678
681
683
688
692
692
697
699
699
699
699
720
722
722
724
724
726
729
731
734
738
738
740
746
758
760
762
763
770
772
772
780
787
789
791
794
794
795
799
800
801
802
805
811
811
812
812
813
815
816
819
827
832
833
834
838
842
842
842
844
847
851
853
865
871
872
873
874
884
885
885
885
891
892
895
898
906
906
906
910
912
912
915
917
919
920
920
925
929
930
932
936
937
939
943
944
944
947
951
953
961
961
967
968
974
977
978
984
988
990
994
994
