0
8
28
44
75
78
82
86
87
100
125
128
131
131
136
140
141
146
149
150
151
156
157
161
169
173
180
182
182
189
211
216
225
232
238
255
266
272
272
276
286
286
287
289
296
305
311
318
320
323
324
331
332
336
360
362
363
373
399
400
405
410
410
412
419
428
436
439
441
445
476
485
506
513
514
520
526
533
543
543
543
545
546
548
555
561
562
564
572
581
584
586
588
588
598
607
608
608
611
613
613
616
619
619
619
628
629
630
632
634
643
675
682
689
692
697
712
716
720
721
725
727
731
734
739
740
747
748
759
767
772
845
854
865
875
883
890
902
910
916
917
920
920
920
921
928
930
931
933
935
945
954
954
957
968
974
982
988
990
997
