0
2
2
4
8
9
9
12
13
13
13
15
19
20
20
23
23
24
29
30
33
34
34
34
34
35
36
38
38
39
40
44
45
45
46
48
49
50
51
51
52
53
54
58
59
60
62
63
65
66
69
70
71
72
74
76
77
78
80
81
83
89
91
92
94
96
96
96
97
98
99
99
102
103
103
105
105
112
114
116
118
119
120
120
121
122
124
125
125
127
129
129
134
135
137
139
139
140
151
151
154
154
154
155
155
156
156
158
161
162
164
164
167
167
169
171
172
172
173
174
177
178
179
179
180
181
182
182
182
184
192
193
193
198
202
204
205
207
211
211
213
230
231
232
232
233
234
235
236
240
244
244
245
248
249
250
250
255
259
259
263
265
269
270
270
271
271
273
273
275
276
279
280
282
284
284
284
285
287
287
291
293
294
295
297
297
300
301
305
306
306
308
308
312
316
317
317
320
324
325
329
330
331
333
335
336
336
338
338
338
339
340
340
342
342
344
344
345
346
347
348
348
348
348
348
350
351
353
354
354
357
359
361
362
367
370
370
373
378
378
378
378
380
380
383
383
385
386
386
387
390
390
391
393
395
395
396
396
396
398
400
404
405
405
410
413
413
414
415
415
415
415
422
425
427
427
430
430
435
436
443
444
446
448
450
450
452
455
456
456
456
456
457
458
459
460
461
465
467
468
469
470
470
471
471
471
473
473
476
478
478
479
479
481
481
484
485
486
488
489
489
491
493
493
494
495
499
500
502
506
508
508
512
515
516
518
519
521
526
527
527
528
528
529
529
530
530
533
533
535
536
537
538
538
540
541
541
541
546
548
548
548
549
550
552
555
556
559
559
560
561
564
565
565
565
570
571
573
574
574
576
578
578
580
581
582
584
586
587
588
591
591
592
593
593
596
597
605
607
609
611
613
613
614
617
619
620
623
629
630
632
633
636
640
642
647
648
648
649
650
651
651
652
652
653
653
655
656
657
660
661
662
664
664
666
668
668
670
674
676
682
682
683
684
685
685
687
688
688
691
691
693
693
695
696
696
697
697
698
700
700
707
707
709
710
711
719
719
721
721
723
724
725
730
730
732
732
735
736
737
737
739
739
744
746
751
757
764
766
769
770
771
774
776
778
778
779
779
780
780
780
781
782
783
784
784
784
784
784
790
793
794
794
796
799
805
805
808
811
811
814
815
815
816
816
817
818
820
822
824
826
826
828
830
832
834
838
839
841
841
841
841
842
842
844
844
845
846
848
851
852
853
853
855
856
857
859
860
862
863
864
868
869
873
877
878
879
879
881
882
885
887
891
891
896
896
897
901
901
904
905
907
915
918
919
920
920
920
921
921
922
922
925
927
929
930
931
934
935
939
940
940
941
942
943
944
950
956
960
960
961
964
964
964
969
970
971
972
973
979
979
979
982
982
984
985
985
988
988
990
992
993
994
994
994
995
996
997
999
999
