0
2
2
5
10
28
49
67
72
88
88
92
95
107
108
125
126
128
134
154
157
169
171
180
184
192
197
205
210
226
227
229
229
239
246
263
267
269
273
279
303
304
306
314
315
320
321
323
335
338
343
349
355
356
363
375
378
382
384
389
390
392
393
409
413
427
430
434
445
455
461
464
480
482
487
489
494
501
516
518
521
524
526
536
544
551
561
566
573
573
584
585
587
589
619
625
632
634
639
640
666
679
694
703
704
706
719
724
735
748
750
751
760
768
769
777
788
790
793
794
796
800
804
807
815
823
826
833
838
849
849
850
853
856
872
880
881
883
884
890
892
905
906
908
916
922
929
936
937
939
944
948
949
953
956
960
965
976
979
982
