0
2
2
5
9
10
18
23
23
24
27
28
31
41
49
64
66
67
68
68
68
72
88
88
92
92
95
96
99
103
107
108
111
114
125
126
127
128
128
132
134
135
135
141
142
151
152
154
157
166
169
171
175
180
180
184
189
191
192
196
197
205
207
210
212
217
220
223
226
227
229
229
235
238
239
245
246
249
253
262
263
263
264
266
266
266
267
269
271
273
276
276
279
285
292
293
294
299
300
301
303
304
306
310
314
315
320
321
321
323
323
335
335
337
338
340
340
342
343
349
354
355
356
360
362
363
375
378
378
380
382
384
385
388
389
389
390
392
393
399
402
406
409
413
415
419
425
427
427
429
430
431
434
434
435
436
445
447
455
461
464
467
480
482
487
489
489
492
494
494
501
516
518
521
521
522
523
524
526
527
530
531
536
544
551
552
558
561
561
566
573
573
584
585
586
587
589
599
607
619
622
625
628
629
629
632
634
639
640
646
652
652
655
657
666
666
672
678
679
683
691
694
700
703
704
706
708
710
710
716
718
719
719
724
725
735
736
739
748
750
751
759
760
768
769
777
781
781
787
788
790
793
794
794
795
796
796
797
800
804
807
811
815
815
823
826
833
838
840
849
849
850
853
855
856
858
872
873
878
880
881
883
884
890
891
892
905
906
908
908
909
913
915
916
922
927
929
935
936
937
938
939
941
944
948
949
953
956
960
960
960
963
965
967
972
976
979
982
989
989
