13
18
24
38
45
54
64
76
77
90
90
92
93
94
96
104
106
116
127
128
130
132
140
149
151
152
174
187
188
191
198
202
202
203
203
203
204
222
230
259
260
274
277
291
298
300
313
317
321
330
336
344
350
356
368
381
402
410
420
422
424
424
430
434
442
469
472
481
487
494
496
500
507
511
512
523
527
528
531
532
549
554
558
560
576
583
583
584
609
616
617
626
636
638
652
656
657
673
678
681
683
688
692
697
699
720
722
726
729
731
738
740
746
762
763
770
787
789
791
794
795
799
802
805
811
812
816
819
832
833
838
842
844
847
853
865
873
874
885
885
891
898
906
910
919
920
920
925
929
930
932
937
943
944
953
961
967
974
984
994
