3
6
9
15
28
31
47
55
63
80
83
89
92
96
98
107
108
109
111
112
126
132
132
140
142
142
146
168
168
176
182
185
189
194
200
210
212
221
223
225
235
273
279
304
311
316
321
322
323
326
326
330
330
338
344
351
358
361
369
384
384
390
401
408
413
418
419
422
428
433
434
437
456
460
471
479
480
488
502
513
521
522
523
552
553
558
565
572
581
583
592
597
600
604
617
618
619
624
628
629
631
633
637
641
657
658
677
680
695
699
703
705
710
728
730
736
739
743
747
754
755
759
760
761
769
775
787
790
790
795
808
812
822
834
836
839
840
842
842
846
846
856
863
866
868
871
874
892
912
919
926
937
939
945
956
964
977
980
992
998
