1
2
3
3
4
5
6
8
8
9
12
13
14
15
15
17
24
24
26
28
29
30
31
32
33
34
34
35
35
38
39
43
47
47
48
51
51
55
56
57
57
63
64
71
72
73
75
78
79
80
80
81
83
83
84
84
84
84
86
87
87
88
89
92
93
96
98
100
101
103
107
108
108
109
110
111
112
113
114
114
117
118
120
124
126
126
131
132
132
132
137
138
139
139
140
141
142
142
144
145
146
146
147
150
151
153
157
158
159
166
168
168
169
169
169
173
176
177
178
178
178
179
179
181
182
182
182
183
185
187
188
189
189
190
190
193
194
197
199
200
203
207
209
210
211
212
212
212
213
219
221
222
223
225
225
235
235
235
236
237
240
240
245
246
256
257
257
261
264
265
265
266
267
268
268
269
273
275
278
278
279
279
279
280
280
282
283
288
288
289
292
293
295
298
298
298
299
301
303
304
311
311
311
316
316
317
318
320
321
322
323
323
323
325
326
326
326
328
329
330
330
330
332
334
334
335
337
337
338
338
342
343
344
345
345
346
348
351
352
355
357
358
359
361
361
369
369
373
374
376
377
381
383
384
384
384
384
386
390
393
400
400
401
405
406
408
410
413
415
416
418
418
419
419
419
421
422
425
428
428
429
432
433
433
434
435
435
436
437
437
438
438
441
442
442
445
446
449
455
456
459
460
465
466
466
469
471
472
474
475
479
480
480
481
483
483
484
486
486
487
488
488
488
489
489
491
492
497
500
500
502
502
504
505
507
511
511
512
512
513
513
515
515
516
517
519
521
521
522
523
523
524
534
534
535
537
538
538
541
543
545
552
552
552
552
553
554
558
561
561
565
567
570
571
572
573
574
576
576
581
583
588
592
592
595
597
599
599
600
600
601
601
603
604
604
604
608
609
611
613
616
616
617
618
619
620
621
624
628
629
631
633
633
635
635
637
638
641
642
642
643
643
648
650
656
656
657
658
658
659
664
667
668
668
670
671
671
674
675
676
677
680
689
690
691
693
694
695
696
699
702
703
704
705
706
710
715
718
721
721
726
727
728
728
728
730
731
734
736
737
738
739
739
741
742
743
743
744
745
746
747
749
754
755
755
756
759
760
760
761
762
765
766
769
769
770
775
775
777
779
781
782
783
787
787
790
790
795
801
801
802
808
808
812
813
814
816
821
821
821
822
825
825
826
828
830
830
830
834
834
836
836
836
838
839
839
840
841
842
842
842
844
846
846
846
847
847
849
850
856
857
858
860
860
861
862
863
866
866
868
870
870
870
871
873
874
878
879
887
889
890
892
893
896
896
896
897
899
903
906
906
908
909
912
913
914
917
919
925
926
927
927
928
928
929
930
931
932
933
936
937
937
939
939
940
943
944
944
944
945
945
947
950
951
953
954
955
956
958
958
959
959
964
964
968
969
976
977
979
979
980
981
986
987
989
992
993
994
995
998
