1
2
4
5
7
7
12
13
13
14
15
16
18
20
24
27
28
30
31
33
36
37
38
38
41
41
45
46
49
49
50
51
54
56
56
56
60
64
64
65
67
68
68
70
70
70
73
75
76
76
77
77
80
86
87
87
90
90
91
91
92
93
94
94
94
96
96
96
96
96
97
99
100
102
103
103
103
104
105
106
106
106
107
108
109
109
113
113
114
115
116
117
118
118
120
120
122
123
125
127
128
129
130
131
132
137
137
140
146
147
149
151
152
154
159
160
168
168
168
171
172
174
174
177
178
179
182
184
185
187
188
190
191
192
195
195
196
196
198
199
200
202
202
202
203
203
203
203
204
204
209
210
211
216
217
219
221
222
222
223
223
225
226
227
230
230
241
241
241
243
252
253
255
259
259
260
260
263
264
265
267
269
269
272
274
274
275
276
276
276
277
278
280
280
282
286
286
288
289
291
292
293
293
294
296
297
298
300
302
302
303
305
306
308
312
313
313
313
314
315
315
317
321
323
324
327
330
336
336
340
343
344
348
350
353
356
356
359
359
359
360
364
364
365
365
366
367
367
368
369
369
370
373
376
377
381
381
382
383
383
384
386
387
392
395
395
399
400
402
404
409
409
410
411
413
413
413
413
414
414
420
422
424
424
425
429
430
434
434
442
448
448
452
454
454
456
459
459
460
460
464
466
469
471
472
477
478
478
481
485
487
490
491
493
494
495
496
496
498
500
502
505
507
509
509
509
511
512
516
517
519
522
523
523
527
528
529
530
530
531
532
532
535
539
540
540
543
545
546
546
547
548
549
551
551
554
554
554
554
556
558
559
560
565
570
571
572
574
576
578
581
582
583
583
584
584
586
587
588
589
594
595
597
598
602
606
608
609
613
616
617
617
617
617
618
618
619
619
625
625
626
626
626
628
631
632
632
633
636
638
638
639
639
640
642
643
644
648
652
656
657
660
660
664
664
667
668
671
673
674
675
678
679
681
683
685
686
687
688
690
692
692
692
694
694
695
696
697
697
697
699
699
699
699
699
701
706
707
708
708
711
715
718
720
722
722
722
723
724
724
724
726
726
726
728
729
729
731
734
734
737
738
738
740
745
746
748
750
756
757
758
760
761
762
762
763
764
770
772
772
775
775
778
780
783
786
787
788
789
789
791
792
792
794
794
794
795
795
797
799
800
801
802
802
804
805
811
811
812
812
813
814
815
816
819
820
824
827
832
832
833
833
834
834
838
842
842
842
843
844
847
848
850
851
853
865
865
867
869
871
871
872
873
874
874
874
880
883
884
885
885
885
891
892
895
898
903
903
904
905
906
906
906
908
910
912
912
912
914
915
917
917
919
920
920
921
924
925
928
929
930
932
936
937
938
939
942
943
944
944
947
951
953
957
957
957
961
961
961
961
963
964
967
968
969
969
971
974
977
978
983
984
984
985
988
990
990
992
994
994
