1
5
8
12
16
30
32
40
44
46
58
64
74
79
87
93
95
107
119
120
120
129
131
133
134
151
157
166
173
176
207
207
219
220
226
226
241
241
249
249
255
255
258
259
260
262
264
265
270
271
276
276
314
315
315
319
319
321
322
323
331
337
342
343
347
348
351
352
354
354
359
364
367
371
380
381
381
382
391
392
397
399
400
405
408
411
417
423
437
438
441
445
447
477
485
496
497
501
509
514
521
529
530
532
532
538
539
545
554
554
566
567
569
578
580
593
594
599
607
607
616
621
621
624
625
635
640
642
642
655
670
672
675
677
678
691
693
698
703
709
716
721
732
739
743
744
747
747
752
755
759
759
763
779
780
781
782
784
793
804
808
815
817
820
823
824
828
829
830
830
830
833
843
853
857
868
875
884
894
907
908
909
911
914
915
919
921
927
938
940
944
944
953
957
961
964
969
983
994
994
