7
14
15
28
49
50
51
60
65
67
70
75
76
87
87
94
94
96
96
96
97
103
103
105
106
109
113
118
120
125
137
168
168
192
195
196
196
200
210
217
219
222
223
225
227
241
241
253
263
265
267
269
276
276
278
280
280
282
286
292
293
293
294
296
302
303
308
313
323
324
343
348
353
359
365
369
373
377
409
413
413
425
448
454
456
471
496
502
509
517
540
546
559
565
570
572
578
582
587
588
597
598
608
617
618
626
631
632
633
644
648
660
664
664
686
690
694
695
697
706
707
711
722
729
745
748
750
761
775
778
783
786
788
792
797
804
814
832
833
843
848
850
865
869
871
874
880
903
904
905
908
912
917
942
957
957
961
961
969
984
