0
6
7
10
13
13
16
16
18
23
30
34
36
38
49
51
52
53
55
55
58
58
64
66
66
68
69
73
79
82
83
97
110
113
115
115
119
119
120
124
125
126
131
134
135
139
141
145
147
147
148
150
157
162
169
172
173
179
182
184
185
190
195
200
201
203
204
206
211
213
217
219
221
225
226
226
229
230
234
234
238
239
241
247
247
256
258
261
268
270
271
272
280
286
288
288
289
293
298
302
302
308
310
311
312
313
313
321
321
325
329
331
331
332
333
334
337
337
341
344
344
345
345
352
355
356
360
367
369
376
381
383
389
394
397
400
405
408
417
426
428
428
431
433
433
443
448
448
451
457
462
463
463
463
465
470
474
477
478
479
480
482
482
484
484
486
490
491
492
495
496
501
523
525
531
531
535
538
541
556
557
557
559
561
561
561
563
564
575
578
582
582
585
586
586
593
596
605
606
612
623
624
627
629
640
641
642
646
650
651
654
659
661
662
663
663
667
669
669
673
674
675
678
681
683
683
685
691
693
694
697
698
699
702
704
705
707
713
713
714
714
715
719
725
726
729
734
739
740
740
740
742
747
750
753
754
755
764
770
777
781
783
785
789
789
794
796
796
811
814
816
824
826
831
840
844
846
846
847
850
851
852
853
853
855
866
866
866
870
871
875
876
877
878
884
888
890
904
910
910
915
918
931
934
937
939
943
947
948
954
957
959
960
965
974
975
979
988
991
999
