0
29
34
34
36
38
38
45
59
74
77
94
96
97
103
114
119
121
124
125
127
129
137
140
154
154
155
155
158
169
171
172
181
182
192
193
202
204
207
211
230
232
234
244
244
248
249
250
255
275
295
297
306
312
316
320
339
346
347
350
354
357
361
378
383
383
390
395
396
405
410
413
415
435
444
450
467
469
476
479
479
481
484
486
489
493
495
502
529
530
533
536
538
560
561
574
578
580
586
588
591
597
605
609
611
623
630
648
664
668
668
688
691
693
697
719
719
721
735
781
784
784
784
793
796
799
815
815
816
816
820
824
839
846
848
851
852
853
877
879
881
896
896
905
920
927
931
939
940
942
956
960
961
971
979
984
985
990
993
996
