0
0
1
1
2
2
3
3
5
6
7
8
9
9
10
10
10
11
11
12
12
13
13
15
15
15
16
16
16
17
17
18
21
23
24
25
27
27
27
28
28
29
29
29
30
30
30
32
32
33
34
34
34
35
36
36
36
37
38
38
38
39
39
39
41
42
45
46
48
48
49
49
50
51
51
52
52
53
55
55
56
56
58
58
58
58
59
61
61
63
63
64
65
66
66
67
67
68
68
69
70
72
73
73
75
76
77
79
79
81
81
82
82
83
85
87
88
88
89
89
90
90
92
92
92
92
94
95
95
95
96
97
98
101
102
103
104
105
108
108
108
110
110
111
111
111
113
113
115
115
115
116
118
119
119
119
120
121
122
123
123
124
124
125
125
125
126
126
127
128
128
128
130
131
131
132
133
134
135
137
138
139
139
139
139
140
140
141
141
143
143
144
145
145
146
147
147
147
148
149
150
150
151
153
154
155
155
157
157
159
160
160
161
161
162
162
163
165
165
166
168
169
169
170
171
172
173
179
179
179
179
182
182
184
184
185
186
188
188
190
190
192
192
193
195
195
197
197
200
200
200
201
201
202
203
203
203
204
204
204
205
205
206
206
206
206
206
206
207
211
211
211
212
213
215
215
216
216
217
219
219
219
220
221
222
224
225
225
226
226
226
227
227
228
228
229
229
230
234
234
234
236
236
237
237
238
238
239
239
239
240
241
242
243
245
246
247
247
251
251
251
253
256
256
256
256
258
258
259
259
259
259
259
260
260
260
261
261
261
262
263
264
266
267
268
268
268
268
268
268
269
270
271
272
274
274
275
276
277
278
280
280
281
281
282
283
283
283
284
284
286
286
287
287
288
288
289
292
293
293
293
294
298
299
302
302
303
303
304
305
306
306
306
308
310
310
310
311
312
312
312
312
313
313
313
313
313
313
313
316
316
317
317
321
321
321
323
324
324
325
325
326
326
329
329
330
331
331
332
333
333
333
334
335
335
336
337
337
337
338
339
341
343
344
344
344
345
345
345
346
346
347
347
348
352
352
352
355
355
355
355
356
356
358
358
359
360
360
364
365
366
367
368
369
371
372
373
373
374
376
378
379
379
380
380
381
383
383
383
383
387
387
388
389
389
390
390
390
393
393
394
394
397
398
400
401
402
403
403
404
404
405
405
408
410
411
412
413
413
413
413
417
418
418
418
418
419
419
419
419
421
422
424
426
426
427
427
428
428
430
431
432
433
433
433
436
436
437
438
438
439
440
441
441
442
443
443
444
447
447
448
448
449
449
449
450
450
451
452
452
452
454
454
455
457
457
457
457
457
458
460
461
462
462
463
463
463
463
464
465
465
466
466
470
470
471
472
474
474
475
475
475
476
477
478
478
478
479
479
480
480
482
482
483
483
484
484
486
486
487
487
490
490
490
491
491
492
492
494
495
495
496
496
496
498
500
500
500
501
501
501
502
504
506
506
506
507
507
508
508
510
515
515
519
521
522
522
523
524
524
525
525
525
526
526
526
527
528
528
529
530
530
530
531
531
531
535
536
536
537
537
538
541
541
541
542
543
544
545
546
546
547
548
548
548
549
549
556
556
557
557
557
557
559
560
561
561
561
561
562
563
564
566
567
569
570
572
574
575
575
575
576
576
578
580
580
580
582
582
582
584
585
585
586
586
587
591
592
592
593
593
593
594
594
594
594
596
596
598
599
600
600
601
602
604
605
606
606
606
606
606
608
610
611
611
612
612
612
613
615
615
616
616
623
623
624
626
626
627
627
628
629
629
630
630
631
631
631
632
632
632
633
636
637
637
637
637
637
637
638
640
640
641
642
643
643
644
646
646
647
647
648
649
649
650
651
652
652
653
654
655
657
658
658
659
659
659
660
661
661
662
662
662
662
663
663
663
663
665
665
667
667
668
668
669
669
671
671
673
673
673
673
674
675
675
676
678
678
679
679
680
681
681
681
683
683
683
683
684
684
685
685
685
685
685
689
689
690
691
691
693
693
693
694
695
695
695
696
696
697
697
697
697
698
699
700
702
702
702
704
704
705
705
707
708
711
713
713
714
714
714
715
715
715
716
717
717
719
719
719
720
720
721
722
723
723
723
724
725
726
726
727
727
727
727
728
729
730
730
730
731
731
732
732
732
732
733
733
734
734
735
738
739
740
740
740
740
741
742
742
743
744
745
746
746
747
747
747
747
748
748
749
749
750
750
750
751
751
752
753
753
753
754
754
755
759
761
761
763
764
764
764
765
769
770
770
770
771
771
771
772
773
773
773
774
774
777
778
778
778
779
781
782
782
783
783
783
784
785
785
787
787
788
789
789
789
790
791
792
793
794
794
795
795
795
796
796
796
796
797
798
798
799
799
801
801
802
803
805
805
806
806
806
810
810
810
811
811
811
811
811
812
814
814
815
816
816
817
817
818
818
821
822
822
824
825
826
827
829
831
832
832
836
837
838
839
840
841
841
842
844
845
846
846
847
847
848
849
850
850
851
852
853
853
853
855
855
856
856
858
859
860
860
862
863
863
864
864
865
865
865
865
865
866
866
866
866
870
871
872
875
875
876
876
876
876
877
878
879
879
881
881
882
884
884
884
884
884
885
886
888
888
888
890
890
891
893
893
893
896
896
898
898
900
900
901
904
904
905
905
906
906
906
906
907
908
909
910
910
910
910
913
913
913
915
915
916
918
919
919
919
919
921
924
926
927
927
927
927
930
931
934
934
934
935
935
935
937
937
938
938
939
940
943
943
943
946
947
947
947
948
948
948
950
951
951
952
952
953
953
954
954
955
955
956
956
957
957
958
959
960
961
964
965
965
971
971
973
974
974
974
974
975
976
976
978
978
978
978
979
979
980
981
983
988
988
988
991
992
992
993
993
994
995
996
998
998
998
999
1000
