0
0
1
2
4
5
8
8
12
16
19
21
21
28
30
32
35
40
44
44
45
46
57
58
64
64
64
68
74
75
76
78
79
79
81
82
82
82
86
87
87
88
93
94
95
100
101
107
119
120
120
121
123
125
126
128
129
131
131
131
133
134
135
136
136
137
140
141
146
149
150
151
151
156
157
157
158
161
161
161
163
166
166
166
169
173
173
176
180
182
182
189
206
207
207
211
211
216
219
219
220
224
225
226
226
232
233
233
235
238
241
241
247
249
249
250
253
255
255
255
258
259
260
262
262
264
265
266
270
271
271
272
272
276
276
276
281
286
286
287
289
294
295
296
305
306
309
309
311
311
313
314
315
315
318
319
319
320
321
321
322
323
323
324
325
331
331
332
336
337
342
343
344
346
347
348
351
351
352
354
354
357
359
360
362
363
363
364
367
367
371
373
380
381
381
382
382
391
392
395
395
397
399
399
400
400
400
401
405
405
407
408
410
410
411
412
417
419
423
427
428
429
436
437
437
438
438
439
441
441
444
445
445
447
447
449
462
464
465
465
469
474
476
476
477
482
485
485
492
495
496
496
497
498
500
500
500
501
506
508
509
513
513
514
514
516
518
520
520
521
521
526
529
530
532
532
533
536
538
538
539
539
543
543
543
545
545
546
548
554
554
555
558
561
562
562
564
566
567
569
569
571
572
578
580
581
584
584
585
586
588
588
592
593
594
594
598
599
604
604
607
607
607
608
608
609
611
613
613
616
616
617
619
619
619
621
621
624
624
625
628
629
630
632
634
635
639
639
640
642
642
643
655
660
668
670
672
675
675
677
678
682
686
688
689
691
692
693
697
698
699
703
709
710
712
716
716
720
721
721
725
727
730
731
732
734
736
739
739
740
743
744
747
747
747
748
752
755
759
759
759
763
765
766
767
767
767
772
772
774
776
779
780
781
782
784
786
793
794
795
801
802
804
806
806
808
813
814
815
817
820
823
824
824
826
828
829
830
830
830
833
843
845
853
853
854
857
859
861
865
867
868
868
869
870
870
873
875
875
877
880
881
883
883
884
890
894
896
902
907
908
909
910
911
914
915
916
917
917
919
920
920
920
921
921
927
928
930
931
933
934
935
938
940
944
944
945
945
953
954
954
957
957
961
964
968
969
974
976
977
979
982
983
988
990
994
994
994
997
999
