7
16
23
23
25
26
34
36
37
37
37
50
50
60
60
61
71
71
74
83
84
85
85
92
95
96
98
103
106
114
116
118
118
120
121
121
124
131
132
132
132
132
141
142
149
150
151
152
154
155
156
158
160
161
162
164
167
168
170
177
183
185
187
188
194
196
196
204
204
210
215
216
223
231
233
238
242
243
244
248
250
255
258
258
260
270
270
273
275
277
277
281
285
289
289
292
294
295
297
304
306
310
322
323
331
335
335
339
343
348
350
355
363
367
369
371
375
378
380
387
387
392
393
403
404
410
421
422
423
424
424
432
435
437
441
446
447
451
452
457
458
468
472
472
474
475
489
494
495
497
497
500
503
507
520
526
528
529
529
532
533
534
535
539
543
544
544
546
547
547
548
554
560
560
564
564
568
573
575
581
581
582
589
596
602
606
607
610
612
614
615
617
625
639
645
645
656
657
661
663
663
668
672
673
677
678
680
684
685
688
689
691
692
693
693
694
696
697
704
705
706
710
712
713
713
714
718
719
721
723
727
732
732
733
734
735
735
753
757
758
760
771
774
775
782
784
786
791
793
794
799
802
814
815
817
818
819
820
820
821
824
824
831
833
834
834
836
837
840
841
841
847
851
851
854
860
861
864
865
872
874
874
876
879
879
880
882
891
891
895
897
898
900
900
906
910
927
931
938
940
944
944
946
948
958
959
968
974
975
976
976
979
981
982
988
993
994
996
997
997
