0
2
4
19
21
21
35
45
57
64
64
68
76
79
81
82
82
88
94
101
121
123
126
135
136
137
158
161
161
163
166
166
206
211
219
224
233
233
235
247
250
253
262
271
281
294
295
306
309
309
311
313
321
325
344
346
351
357
363
367
382
395
395
400
401
407
427
429
437
438
444
447
449
462
464
465
465
469
474
476
482
492
495
496
498
500
500
500
508
513
516
518
520
521
536
538
539
558
562
569
571
584
585
592
594
604
604
609
617
624
639
639
660
668
686
688
699
710
730
736
765
766
767
767
772
774
776
786
794
795
801
802
806
806
813
814
824
826
853
859
861
867
868
869
870
870
873
877
880
881
883
896
917
934
945
976
977
979
994
999
