8
12
30
35
47
51
71
78
79
81
83
84
84
84
87
108
117
118
124
131
137
138
139
147
151
153
157
158
166
169
178
179
179
181
182
187
188
190
197
199
207
209
222
225
256
269
282
292
293
301
303
317
320
323
326
332
338
342
348
359
374
381
400
416
436
438
438
442
442
445
446
455
481
483
487
488
488
489
492
497
500
502
511
512
515
516
534
535
543
552
552
570
574
576
588
592
595
603
609
613
616
620
638
643
650
664
670
671
671
675
690
691
696
702
706
718
721
726
728
742
745
749
762
770
775
801
801
808
813
814
816
825
841
842
850
857
860
860
862
870
870
879
889
890
896
896
903
906
914
925
927
927
928
932
936
939
951
953
993
995
