1
2
7
36
41
46
49
56
64
68
68
70
73
86
91
96
99
100
107
114
115
118
120
122
123
131
137
146
147
160
174
185
190
195
203
209
221
223
252
255
264
269
272
275
286
289
305
306
312
314
315
327
359
360
364
365
369
376
381
382
383
384
387
395
395
400
413
413
414
414
429
434
459
460
464
466
478
485
491
493
505
509
516
522
523
529
530
532
539
540
547
551
551
554
556
574
581
584
586
595
606
617
618
625
625
632
639
640
643
668
692
699
699
699
722
724
724
734
738
758
760
772
772
780
794
800
801
811
812
813
815
827
834
842
842
851
871
872
884
885
892
895
906
906
912
912
915
917
936
939
944
947
951
961
968
977
978
988
990
994
