0
6
7
13
16
18
30
38
51
52
53
58
64
68
69
82
113
115
119
124
131
134
135
141
162
169
172
185
190
200
201
203
213
219
221
234
247
256
268
271
272
286
289
293
298
302
308
312
313
321
325
329
331
332
333
337
355
356
367
376
383
389
397
426
433
433
443
448
451
477
478
479
484
484
490
491
492
495
496
501
523
531
535
538
557
559
561
561
575
582
582
585
593
605
606
624
629
642
650
659
661
662
663
667
669
673
674
681
691
698
704
714
714
729
734
739
740
740
742
750
755
770
789
789
794
796
816
826
831
840
844
846
847
850
852
853
855
866
870
875
876
878
884
904
910
915
918
934
937
939
947
948
954
959
965
975
979
988
991
999
