2
2
8
13
13
19
45
48
49
53
69
70
72
80
81
89
92
96
112
116
120
135
139
156
167
172
173
174
177
178
179
180
182
213
235
250
263
265
270
273
282
284
284
285
287
291
294
297
301
305
306
308
331
336
338
338
340
348
354
359
362
378
380
386
395
400
405
413
415
422
427
446
448
452
455
456
458
465
471
473
491
494
499
500
512
516
529
540
541
548
550
556
559
570
573
576
582
584
607
613
629
647
648
649
651
653
653
666
682
685
691
697
698
700
700
707
709
724
730
739
746
769
779
782
784
790
794
805
805
832
838
841
844
856
862
869
878
879
885
891
904
919
920
921
921
922
922
925
929
930
935
941
950
964
964
973
979
982
988
994
