4
9
13
20
20
23
23
34
40
44
46
50
51
51
63
65
66
83
91
96
102
103
105
120
122
129
139
151
161
164
179
182
198
211
233
236
240
245
259
269
273
280
284
287
293
317
324
325
329
330
338
342
344
345
348
348
370
373
378
385
386
390
391
393
396
414
415
425
427
430
436
456
456
457
461
468
470
470
471
471
478
478
488
515
518
526
527
528
530
533
535
537
541
548
555
565
565
574
578
581
587
593
613
614
619
642
650
652
655
660
661
662
674
683
687
695
696
707
711
723
725
730
732
736
737
757
766
770
774
783
784
811
811
817
818
822
826
841
841
842
853
859
868
873
887
891
901
901
915
920
943
964
969
970
982
985
992
994
994
997
