5
8
12
13
14
17
24
24
26
30
33
34
34
35
35
38
43
47
51
56
71
72
73
78
79
81
83
84
84
84
84
86
87
93
100
101
103
108
110
117
118
120
124
126
131
132
137
138
139
139
141
144
145
147
150
151
153
157
158
166
169
178
179
179
181
182
182
183
187
188
189
190
190
193
197
199
207
209
212
213
219
222
225
235
235
236
237
240
245
256
261
266
267
269
278
280
282
283
288
288
292
293
298
301
303
311
316
317
320
323
326
328
329
330
332
337
338
342
343
345
348
355
357
359
361
369
374
381
383
384
384
386
400
400
405
406
410
415
416
419
429
435
436
438
438
441
442
442
445
446
449
455
459
466
466
472
474
481
483
483
484
487
488
488
489
489
492
497
500
500
502
504
511
512
513
515
515
516
521
523
534
534
535
537
538
543
545
552
552
554
561
567
570
573
574
576
588
592
595
599
599
601
603
604
609
611
613
616
620
633
635
638
642
642
643
650
656
656
658
664
667
668
668
670
671
671
674
675
689
690
691
694
696
702
706
718
721
726
728
728
731
738
739
742
743
745
749
755
762
765
769
770
775
777
779
782
801
801
808
813
814
816
825
825
828
830
834
836
838
841
842
847
847
850
857
860
860
862
866
870
870
879
887
889
890
896
896
903
906
906
908
913
914
917
925
927
927
928
929
930
932
933
936
939
940
943
944
951
953
954
955
958
976
979
981
986
987
993
994
995
