3
4
8
17
19
20
24
27
32
42
43
45
47
52
54
55
56
60
63
67
68
68
72
77
84
85
86
88
88
93
94
94
95
96
101
101
109
118
118
120
126
128
134
136
136
137
140
142
144
144
144
149
152
154
155
158
165
169
181
182
183
188
193
202
205
207
211
212
212
216
217
218
222
228
231
231
242
243
244
249
250
252
255
267
269
271
272
273
276
280
283
287
292
293
302
315
316
316
321
322
327
330
331
333
334
334
340
344
345
347
353
353
356
363
363
367
370
370
371
378
392
394
395
397
399
399
407
407
410
420
426
432
433
442
444
445
446
446
447
450
455
457
467
468
469
472
481
492
492
492
494
494
497
498
501
503
509
510
510
511
513
513
514
520
525
529
530
531
534
535
535
535
539
542
549
550
553
555
558
561
562
563
565
566
568
570
570
571
573
574
574
575
577
584
586
587
591
592
597
597
602
606
607
608
611
618
621
622
623
628
629
637
637
641
646
648
663
667
668
673
676
678
680
681
693
703
707
707
708
711
713
715
718
720
723
723
724
725
728
730
743
743
753
755
761
763
766
767
776
778
781
782
794
798
807
813
813
817
819
824
826
828
830
835
835
835
837
838
839
840
840
842
845
852
856
867
868
873
877
881
883
885
890
892
897
898
898
898
899
902
903
913
916
917
923
927
930
932
934
939
943
948
951
952
954
954
958
961
963
966
967
969
974
981
985
987
988
990
990
997
