9
18
23
23
24
27
31
41
64
66
68
68
68
92
96
99
103
111
114
127
128
132
135
135
141
142
151
152
166
175
180
189
191
196
207
212
217
220
223
235
238
245
249
253
262
263
264
266
266
266
271
276
276
285
292
293
294
299
300
301
310
321
323
335
337
340
340
342
354
360
362
378
380
385
388
389
399
402
406
415
419
425
427
429
431
434
435
436
447
467
489
492
494
521
522
523
527
530
531
552
558
561
586
599
607
622
628
629
629
646
652
652
655
657
666
672
678
683
691
700
708
710
710
716
718
719
725
736
739
759
781
781
787
794
795
796
797
811
815
840
855
858
873
878
891
908
909
913
915
927
935
938
941
960
960
963
967
972
989
989
