8
12
15
15
25
29
33
37
42
48
50
63
76
82
92
101
105
111
116
126
127
128
138
143
145
153
159
161
163
165
170
190
203
205
211
211
216
219
219
222
234
237
239
242
256
259
259
261
261
266
274
276
277
283
284
287
299
306
310
312
336
352
359
360
368
411
419
419
422
427
436
438
438
449
450
457
465
479
486
490
496
506
508
522
543
544
549
556
566
572
575
580
584
585
594
600
604
611
623
631
637
647
647
661
663
673
673
684
690
693
700
708
714
715
723
726
732
738
745
746
747
750
750
751
751
763
764
769
771
773
783
791
792
801
806
811
815
817
818
818
829
842
849
864
872
879
881
886
888
906
913
921
937
938
950
957
981
988
993
996
