8
19
20
24
42
47
55
56
60
67
68
77
86
88
94
95
118
118
126
134
136
137
140
142
144
144
149
154
155
165
183
202
207
212
217
222
228
231
242
252
255
267
269
276
280
287
292
302
315
321
327
333
334
344
345
363
363
392
394
399
407
420
426
442
445
446
446
447
457
469
472
481
494
497
498
501
503
510
511
520
529
531
534
535
542
549
553
555
561
562
566
568
571
573
575
577
586
587
591
597
597
608
611
622
623
628
637
648
680
703
707
708
713
715
723
724
730
743
753
755
761
766
778
781
794
798
807
813
813
824
835
835
839
842
852
868
873
877
883
885
897
898
898
903
913
916
923
927
930
934
939
948
952
954
958
969
974
987
990
997
