4
5
12
13
16
20
27
30
31
33
37
38
41
56
56
70
77
80
91
102
103
106
108
109
113
117
129
154
159
168
171
172
177
178
179
182
184
199
202
204
211
216
226
230
241
243
259
260
274
276
288
297
302
313
315
336
340
356
359
364
366
367
367
370
383
386
392
399
404
409
411
448
452
454
459
460
477
478
490
495
498
509
519
530
535
543
545
546
548
554
554
571
589
594
602
613
617
619
619
626
628
638
639
642
660
667
671
674
675
679
685
687
692
694
696
697
699
701
708
708
715
718
723
724
726
726
728
734
737
756
757
762
764
775
789
792
794
795
802
820
824
834
867
874
883
903
914
921
924
928
938
957
963
964
969
971
983
985
990
992
