16
23
25
26
36
37
61
71
84
85
85
92
96
98
116
118
120
121
131
132
142
149
150
154
156
158
160
164
167
177
183
185
204
204
210
231
238
242
244
248
255
270
273
285
289
294
306
322
331
335
339
343
363
371
375
378
380
387
393
404
410
421
423
424
432
437
446
452
468
472
474
475
494
497
500
503
507
526
528
532
535
539
543
544
547
548
554
560
564
568
575
581
581
602
606
607
615
625
639
645
657
680
685
688
693
696
697
704
706
713
718
719
721
727
733
735
735
760
774
782
791
793
794
799
814
817
819
820
820
821
824
824
831
833
834
836
837
847
851
864
874
879
880
891
897
898
900
906
931
940
944
944
946
958
959
968
981
982
997
997
