0
0
1
2
6
7
10
10
11
12
13
13
15
16
16
18
23
24
27
27
27
28
30
30
32
34
36
36
38
39
46
49
51
52
52
53
55
55
56
56
58
58
58
58
61
63
64
66
66
67
68
68
69
72
73
73
79
82
83
85
87
89
90
90
92
92
95
96
97
102
103
104
108
110
111
111
113
113
115
115
119
119
119
120
124
125
125
125
126
128
130
131
131
133
134
135
137
139
139
140
141
141
145
147
147
148
149
150
151
154
157
157
161
162
162
168
169
169
172
173
179
179
179
182
184
185
186
188
190
192
192
195
197
200
200
201
203
204
204
204
206
206
211
213
215
217
219
221
225
225
226
226
228
229
230
234
234
238
238
239
241
243
245
246
247
247
256
256
258
259
260
261
263
268
268
269
270
271
272
274
280
280
281
284
286
288
288
289
293
294
298
302
302
303
304
305
306
308
310
311
312
313
313
313
313
316
317
321
321
325
325
326
326
329
330
331
331
332
333
334
337
337
339
341
343
344
344
344
345
345
346
346
347
347
352
355
355
355
355
356
358
360
365
367
369
376
378
379
381
383
383
388
389
390
393
394
394
397
398
400
403
404
405
405
408
417
418
418
421
426
428
428
430
431
433
433
437
439
441
442
443
443
447
448
448
449
451
452
455
457
457
458
461
462
462
463
463
463
463
465
466
470
470
471
474
475
475
477
478
478
479
480
482
482
483
484
484
486
490
490
491
492
495
496
500
500
501
501
506
519
522
523
525
526
529
530
531
531
531
535
536
537
538
541
541
542
546
547
549
556
557
557
557
559
561
561
561
561
562
563
564
575
575
576
578
582
582
585
586
586
591
592
593
593
593
596
605
606
606
606
611
612
612
623
624
626
627
627
629
630
630
631
633
637
637
637
640
641
642
643
643
644
646
646
649
650
651
652
654
657
659
659
661
662
663
663
667
668
669
669
671
673
674
675
676
678
681
681
683
683
683
685
685
691
691
693
693
694
695
695
696
697
697
697
697
698
699
702
702
704
704
705
707
713
713
714
714
715
717
719
719
721
724
725
726
727
727
727
727
729
730
732
732
733
734
734
739
740
740
740
740
741
742
742
743
747
747
747
748
748
749
750
752
753
753
754
755
761
761
764
764
765
770
771
772
773
777
778
781
783
783
785
789
789
789
793
794
795
795
796
796
796
798
799
799
802
805
805
810
811
811
811
814
816
816
822
822
824
825
826
831
832
832
836
840
844
846
846
847
850
850
851
852
853
853
853
855
855
856
860
863
865
866
866
866
870
871
875
876
876
876
876
877
878
881
884
884
888
890
893
896
898
900
904
905
906
906
907
909
910
910
913
913
915
916
918
919
919
924
927
931
934
934
935
935
937
939
943
943
947
947
948
948
951
951
952
952
953
953
954
954
955
956
957
959
960
965
971
974
974
975
976
978
979
980
988
991
992
995
999
