3
4
17
27
32
43
45
52
54
63
68
72
84
85
88
93
94
96
101
101
109
120
128
136
144
152
158
169
181
182
188
193
205
211
212
216
218
231
243
244
249
250
271
272
273
283
293
316
316
322
330
331
334
340
347
353
353
356
367
370
370
371
378
395
397
399
407
410
432
433
444
450
455
467
468
492
492
492
494
509
510
513
513
514
525
530
535
535
539
550
558
563
565
570
570
574
574
584
592
602
606
607
618
621
629
637
641
646
663
667
668
673
676
678
681
693
707
711
718
720
723
725
728
743
763
767
776
782
817
819
826
828
830
835
837
838
840
840
845
856
867
881
890
892
898
899
902
917
932
943
951
954
961
963
966
967
981
985
988
990
