2
3
9
16
17
28
29
29
32
38
39
39
48
51
88
95
95
98
108
118
122
123
123
132
139
139
160
166
179
200
201
212
215
220
227
229
236
237
239
256
260
262
264
281
283
286
293
316
321
323
335
337
358
364
372
374
379
380
383
387
390
402
413
413
418
424
426
440
444
452
452
454
480
491
495
496
506
507
507
515
525
526
527
536
541
548
557
570
574
576
580
582
592
594
601
602
606
608
628
631
632
638
640
653
658
660
662
663
668
671
675
678
680
683
684
685
689
689
702
720
723
723
728
730
731
731
744
770
778
782
784
787
795
796
798
801
810
812
827
837
839
847
848
859
865
879
882
896
900
908
927
927
971
979
983
992
993
998
998
1000
