5
17
30
34
34
38
45
65
70
81
81
88
94
110
140
143
144
146
147
150
182
184
197
203
206
206
207
216
226
227
236
251
251
253
258
259
260
268
282
293
312
313
313
317
329
352
356
371
373
373
383
387
389
390
393
403
410
413
427
432
441
449
450
454
457
464
487
487
494
498
500
502
504
510
515
526
528
530
537
546
560
567
569
580
587
594
594
596
598
599
612
615
615
629
632
636
637
637
652
659
662
673
679
681
685
685
695
705
711
716
717
719
720
722
732
749
753
754
759
773
782
787
788
790
794
797
821
856
858
862
863
865
865
865
875
884
884
885
888
890
893
893
898
904
910
910
926
927
930
934
938
940
956
961
965
973
974
974
978
988
