0
6
10
17
21
26
33
34
44
45
50
51
64
69
77
81
85
98
101
121
123
125
129
130
130
136
140
144
149
157
161
163
164
177
180
183
192
197
210
218
219
224
245
269
283
304
308
312
315
322
328
331
335
337
341
352
355
356
360
371
377
381
381
385
385
387
389
393
415
429
444
444
464
465
475
477
482
485
488
493
498
502
505
511
515
518
520
532
540
549
561
572
581
581
586
598
611
611
615
620
635
641
643
650
657
658
661
662
667
674
676
690
691
701
701
702
706
718
720
743
746
748
748
753
759
759
763
780
780
784
787
787
795
802
805
810
844
844
851
855
870
880
881
886
914
917
920
924
926
926
927
932
935
936
947
955
963
973
979
993
