1
3
5
9
10
11
17
21
30
34
34
35
36
38
41
45
49
59
61
65
67
70
75
77
79
81
81
88
89
92
94
108
110
115
121
124
128
140
143
144
146
147
150
155
155
160
165
171
182
184
188
193
195
197
202
203
205
206
206
206
206
207
216
224
226
227
228
236
240
251
251
251
253
258
259
259
260
267
268
268
268
268
275
278
282
283
287
292
293
303
306
310
312
312
313
313
313
317
324
324
329
333
333
335
338
345
348
352
356
366
371
373
373
380
383
387
389
390
393
401
403
404
410
412
413
413
418
419
419
427
432
433
436
441
447
449
450
454
457
457
460
464
466
472
474
475
476
478
483
487
487
492
494
498
500
501
502
504
508
510
515
521
524
524
525
526
528
528
530
530
537
545
546
548
548
560
567
569
580
587
594
594
596
598
599
600
606
610
612
613
615
615
616
616
626
629
632
632
636
637
637
648
649
652
655
658
659
662
662
665
665
667
673
679
679
681
685
685
695
696
705
711
715
716
717
719
720
722
730
732
733
735
746
749
753
754
759
770
771
773
774
774
778
779
782
785
787
788
790
794
797
803
806
806
810
811
814
817
821
838
841
841
845
856
858
860
862
863
864
865
865
865
866
875
884
884
884
885
888
890
891
893
893
898
901
904
905
906
910
910
915
919
919
926
927
930
934
935
938
940
943
946
947
948
955
956
958
961
964
965
973
974
974
976
978
978
978
988
994
998
