0
1
2
12
15
24
27
28
36
46
52
56
56
58
63
67
68
89
90
92
95
96
103
104
108
111
111
113
119
125
139
140
151
154
168
179
215
228
238
243
245
256
268
281
294
304
306
313
316
317
326
326
339
343
346
355
365
388
390
393
394
398
404
418
418
430
437
442
447
449
455
457
475
475
478
506
519
522
526
530
536
547
562
591
592
593
593
626
627
630
631
633
637
643
644
649
652
676
685
693
695
697
697
702
704
719
721
724
727
730
733
734
740
741
743
748
748
752
753
761
761
764
771
773
778
783
793
795
798
799
805
810
811
811
822
822
832
832
836
853
855
856
860
865
876
876
876
896
906
909
913
913
935
943
951
953
954
976
992
995
