2
2
8
9
12
13
13
15
19
24
30
33
34
35
39
45
48
49
52
53
54
58
60
62
69
70
71
72
76
78
80
81
89
92
96
98
99
99
105
112
116
118
120
125
134
135
139
151
154
156
156
162
164
167
167
172
173
174
177
178
179
180
182
184
193
205
213
231
232
235
250
259
263
265
270
270
271
271
273
276
279
282
284
284
285
287
291
294
297
300
301
305
306
308
308
317
331
333
335
336
336
338
338
340
340
342
344
348
348
348
351
353
354
359
362
367
370
378
378
380
380
386
387
395
396
398
400
404
405
413
415
415
422
427
430
443
446
448
450
452
455
456
456
458
459
460
465
471
473
473
481
485
489
491
493
494
499
500
506
508
508
512
516
519
521
527
528
529
538
540
541
541
546
548
548
549
550
552
556
559
559
564
565
570
571
573
576
582
584
591
592
593
596
607
613
617
620
629
632
633
636
640
647
648
649
651
651
652
653
653
656
657
664
666
670
676
682
682
684
685
685
688
691
693
696
697
698
700
700
707
709
710
721
724
730
732
737
739
739
744
746
751
764
769
771
776
778
778
779
779
780
780
780
782
784
790
794
794
805
805
808
814
826
828
830
832
834
838
841
841
842
844
844
845
855
856
857
860
862
863
864
869
878
879
882
885
891
897
904
907
918
919
920
921
921
922
922
925
929
930
934
935
940
941
944
950
960
964
964
972
973
979
979
982
988
988
994
995
999
999
