0
2
6
10
11
12
13
17
21
26
31
32
33
34
35
39
44
44
45
46
47
50
51
51
64
68
69
70
77
81
85
96
98
101
103
108
109
112
114
115
121
123
123
125
129
130
130
131
135
136
140
144
149
157
159
160
161
163
164
169
170
173
177
178
180
182
183
183
192
193
193
194
197
198
209
210
214
218
219
219
224
226
230
230
232
237
239
241
245
245
246
247
251
257
266
268
269
271
278
283
304
305
308
312
315
322
322
328
330
331
335
337
341
344
346
352
355
356
356
359
360
360
367
370
371
377
381
381
385
385
387
389
390
391
392
393
409
413
415
415
419
427
429
434
444
444
445
448
456
456
459
461
464
465
466
469
475
475
477
481
482
484
484
485
488
493
493
498
498
500
502
503
505
505
506
511
515
517
518
518
520
529
532
538
540
543
547
549
550
554
556
561
562
562
565
572
572
572
581
581
586
596
598
601
601
606
611
611
615
615
617
620
626
629
635
641
643
644
645
650
657
658
661
662
667
674
676
690
691
701
701
702
705
706
718
720
743
746
748
748
753
753
759
759
760
761
761
763
764
765
768
780
780
781
784
787
787
789
795
799
799
802
805
809
809
810
811
816
819
822
822
833
838
842
844
844
845
846
851
855
855
857
867
870
875
878
880
881
886
887
901
903
909
914
916
917
917
920
922
924
926
926
927
932
933
935
936
947
955
957
959
963
973
975
976
979
982
991
991
993
