10
13
16
23
34
36
49
55
55
58
66
66
73
79
83
97
110
115
119
120
125
126
139
145
147
147
148
150
157
173
179
182
184
195
204
206
211
217
225
226
226
229
230
234
238
239
241
247
258
261
270
280
288
288
302
310
311
313
321
331
334
337
341
344
344
345
345
352
360
369
381
394
400
405
408
417
428
428
431
448
457
462
463
463
463
465
470
474
480
482
482
486
525
531
541
556
557
561
563
564
578
586
586
596
612
623
627
640
641
646
651
654
663
669
675
678
683
683
685
693
694
697
699
702
705
707
713
713
715
719
725
726
740
747
753
754
764
777
781
783
785
796
811
814
824
846
851
853
866
866
871
877
888
890
910
931
943
957
960
974
