1
2
3
3
4
6
8
9
15
15
28
29
31
32
39
47
48
51
55
57
57
63
64
75
80
80
83
87
88
89
92
96
98
107
108
109
111
112
113
114
114
126
132
132
140
142
142
146
146
159
168
168
169
169
173
176
177
178
178
182
185
189
194
200
203
210
211
212
212
221
223
225
235
240
246
257
257
264
265
265
268
268
273
275
278
279
279
279
280
289
295
298
298
299
304
311
311
316
318
321
322
323
323
325
326
326
330
330
334
334
335
337
338
344
345
346
351
352
358
361
369
373
376
377
384
384
390
393
401
408
413
418
418
419
419
421
422
425
428
428
432
433
433
434
435
437
437
456
460
465
469
471
475
479
480
480
486
486
488
491
502
505
507
511
512
513
517
519
521
522
523
524
538
541
552
552
553
558
561
565
571
572
576
581
583
592
597
600
600
601
604
604
608
616
617
618
619
621
624
628
629
631
633
635
637
641
643
648
657
658
659
676
677
680
693
695
699
703
704
705
710
715
721
727
728
730
734
736
737
739
741
743
744
746
747
754
755
756
759
760
760
761
766
769
775
781
783
787
787
790
790
795
802
808
812
821
821
821
822
826
830
830
834
836
836
839
839
840
842
842
844
846
846
846
849
856
858
861
863
866
868
870
871
873
874
878
892
893
896
897
899
909
912
919
926
928
931
937
937
939
944
944
945
945
947
950
956
958
959
959
964
964
968
969
977
979
980
989
992
998
