0
4
9
13
20
20
23
23
29
34
34
34
36
38
38
40
44
45
46
50
51
51
59
63
65
66
74
77
83
91
94
96
96
97
102
103
103
105
114
119
120
121
122
124
125
127
129
129
137
139
140
151
154
154
155
155
158
161
164
169
171
172
179
181
182
182
192
193
198
202
204
207
211
211
230
232
233
234
236
240
244
244
245
248
249
250
255
259
269
273
275
280
284
287
293
295
297
306
312
316
317
320
324
325
329
330
338
339
342
344
345
346
347
348
348
350
354
357
361
370
373
378
378
383
383
385
386
390
390
391
393
395
396
396
405
410
413
414
415
415
425
427
430
435
436
444
450
456
456
457
461
467
468
469
470
470
471
471
476
478
478
479
479
481
484
486
488
489
493
495
502
515
518
526
527
528
529
530
530
533
533
535
536
537
538
541
548
555
560
561
565
565
574
574
578
578
580
581
586
587
588
591
593
597
605
609
611
613
614
619
623
630
642
648
650
652
655
660
661
662
664
668
668
674
683
687
688
691
693
695
696
697
707
711
719
719
721
723
725
730
732
735
736
737
757
766
770
774
781
783
784
784
784
784
793
796
799
811
811
815
815
816
816
817
818
820
822
824
826
839
841
841
842
846
848
851
852
853
853
859
868
873
877
879
881
887
891
896
896
901
901
905
915
920
920
927
931
939
940
942
943
956
960
961
964
969
970
971
979
982
984
985
985
990
992
993
994
994
996
997
