1
2
3
4
8
15
29
32
39
48
51
57
57
64
75
80
87
88
113
114
114
146
159
169
169
173
177
178
178
203
211
212
240
246
257
257
264
265
265
268
268
275
278
279
279
280
289
295
298
298
299
311
318
323
325
334
334
335
337
345
346
352
373
376
377
393
418
419
421
425
428
432
433
435
437
465
469
475
480
486
486
491
505
507
511
512
517
519
524
538
541
552
561
571
576
600
601
604
608
616
621
635
643
648
659
676
693
704
715
721
727
734
737
741
744
746
756
760
766
781
783
787
802
821
821
821
826
830
830
836
839
844
846
849
858
861
870
873
878
893
896
897
899
909
928
931
937
944
944
945
947
950
958
959
959
964
968
969
979
989
