9
12
15
24
30
33
34
35
39
52
54
58
60
62
71
76
78
98
99
99
105
118
125
134
151
154
156
162
164
167
184
193
205
231
232
259
270
271
271
276
279
300
308
317
333
335
336
340
342
344
348
348
351
353
367
370
378
380
387
396
398
404
415
430
443
450
456
459
460
473
481
485
489
493
506
508
508
519
521
527
528
538
541
546
548
549
552
559
564
565
571
591
592
593
596
617
620
632
633
636
640
651
652
656
657
664
670
676
682
684
685
688
693
696
710
721
732
737
739
744
751
764
771
776
778
778
779
780
780
780
794
808
814
826
828
830
834
841
842
844
845
855
857
860
863
864
882
897
907
918
934
940
944
960
972
979
988
995
999
999
