0
0
1
1
2
2
4
4
5
5
7
7
8
8
12
12
13
13
14
15
16
16
18
19
20
21
21
24
27
28
28
30
30
31
32
33
35
36
37
38
38
40
41
41
44
44
45
45
46
46
49
49
50
51
54
56
56
56
57
58
60
64
64
64
64
64
65
67
68
68
68
70
70
70
73
74
75
75
76
76
76
77
77
78
79
79
80
81
82
82
82
86
86
87
87
87
87
88
90
90
91
91
92
93
93
94
94
94
94
95
96
96
96
96
96
97
99
100
100
101
102
103
103
103
104
105
106
106
106
107
107
108
109
109
113
113
114
115
116
117
118
118
119
120
120
120
120
121
122
123
123
125
125
126
127
128
128
129
129
130
131
131
131
131
132
133
134
135
136
136
137
137
137
140
140
141
146
146
147
149
149
150
151
151
151
152
154
156
157
157
158
159
160
161
161
161
163
166
166
166
168
168
168
169
171
172
173
173
174
174
176
177
178
179
180
182
182
182
184
185
187
188
189
190
191
192
195
195
196
196
198
199
200
202
202
202
203
203
203
203
204
204
206
207
207
209
210
211
211
211
216
216
217
219
219
219
220
221
222
222
223
223
224
225
225
226
226
226
227
230
230
232
233
233
235
238
241
241
241
241
241
243
247
249
249
250
252
253
253
255
255
255
255
258
259
259
259
260
260
260
262
262
263
264
264
265
265
266
267
269
269
270
271
271
272
272
272
274
274
275
276
276
276
276
276
276
277
278
280
280
281
282
286
286
286
286
287
288
289
289
291
292
293
293
294
294
295
296
296
297
298
300
302
302
303
305
305
306
306
308
309
309
311
311
312
313
313
313
313
314
314
315
315
315
315
317
318
319
319
320
321
321
321
322
323
323
323
324
324
325
327
330
331
331
332
336
336
336
337
340
342
343
343
344
344
346
347
348
348
350
351
351
352
353
354
354
356
356
357
359
359
359
359
360
360
362
363
363
364
364
364
365
365
366
367
367
367
367
368
369
369
370
371
373
373
376
377
380
381
381
381
381
382
382
382
383
383
384
386
387
391
392
392
395
395
395
395
397
399
399
399
400
400
400
400
401
402
404
405
405
407
408
409
409
410
410
410
411
411
412
413
413
413
413
414
414
417
419
420
422
423
424
424
425
427
428
429
429
430
434
434
436
437
437
438
438
439
441
441
442
444
445
445
447
447
448
448
449
452
454
454
456
459
459
460
460
462
464
464
465
465
466
469
469
471
472
474
476
476
477
477
478
478
481
482
485
485
485
487
490
491
492
493
494
495
495
496
496
496
496
497
498
498
500
500
500
500
501
502
505
506
507
508
509
509
509
509
511
512
513
513
514
514
516
516
517
518
519
520
520
521
521
522
523
523
526
527
528
529
529
530
530
530
531
532
532
532
532
533
535
536
538
538
539
539
539
540
540
543
543
543
543
545
545
545
546
546
546
547
548
548
549
551
551
554
554
554
554
554
554
555
556
558
558
559
560
561
562
562
564
565
566
567
569
569
570
571
571
572
572
574
576
578
578
580
581
581
582
583
583
584
584
584
584
585
586
586
587
588
588
588
589
592
593
594
594
594
595
597
598
598
599
602
604
604
606
607
607
607
608
608
608
609
609
611
613
613
613
616
616
616
617
617
617
617
617
618
618
619
619
619
619
619
621
621
624
624
625
625
625
626
626
626
628
628
629
630
631
632
632
632
633
634
635
636
638
638
639
639
639
639
640
640
642
642
642
643
643
644
648
652
655
656
657
660
660
660
664
664
667
668
668
670
671
672
673
674
675
675
675
677
678
678
679
681
682
683
685
686
686
687
688
688
689
690
691
692
692
692
692
693
694
694
695
696
697
697
697
697
698
699
699
699
699
699
699
701
703
706
707
708
708
709
710
711
712
715
716
716
718
720
720
721
721
722
722
722
723
724
724
724
725
726
726
726
727
728
729
729
730
731
731
732
734
734
734
736
737
738
738
739
739
740
740
743
744
745
746
747
747
747
748
748
750
752
755
756
757
758
759
759
759
760
761
762
762
763
763
764
765
766
767
767
767
770
772
772
772
772
774
775
775
776
778
779
780
780
781
782
783
784
786
786
787
788
789
789
791
792
792
793
794
794
794
794
795
795
795
797
799
800
801
801
802
802
802
804
804
805
806
806
808
811
811
812
812
813
813
814
814
815
815
816
817
819
820
820
823
824
824
824
826
827
828
829
830
830
830
832
832
833
833
833
834
834
838
842
842
842
843
843
844
845
847
848
850
851
853
853
853
854
857
859
861
865
865
865
867
867
868
868
869
869
870
870
871
871
872
873
873
874
874
874
875
875
877
880
880
881
883
883
883
884
884
885
885
885
890
891
892
894
895
896
898
902
903
903
904
905
906
906
906
907
908
908
909
910
910
911
912
912
912
914
914
915
915
916
917
917
917
917
919
919
920
920
920
920
920
921
921
921
924
925
927
928
928
929
930
930
931
932
933
934
935
936
937
938
938
939
940
942
943
944
944
944
944
945
945
947
951
953
953
954
954
957
957
957
957
957
961
961
961
961
961
963
964
964
967
968
968
969
969
969
971
974
974
976
977
977
978
979
982
983
983
984
984
985
988
988
990
990
990
992
994
994
994
994
994
997
999
