0
0
2
2
2
3
4
5
6
7
8
9
10
10
11
12
13
16
17
17
18
19
20
21
23
23
23
23
24
24
25
26
26
27
27
28
31
31
32
32
33
34
34
35
36
37
37
37
39
41
42
43
44
44
45
45
46
47
47
49
50
50
50
51
51
52
54
55
56
60
60
60
61
63
64
64
66
67
67
68
68
68
68
68
68
69
70
71
71
72
72
74
77
77
81
83
84
84
85
85
85
85
86
88
88
88
88
92
92
92
93
94
94
95
95
95
96
96
96
96
98
98
99
101
101
101
103
103
103
106
107
108
108
109
109
111
112
114
114
114
115
116
118
118
118
118
120
120
121
121
121
123
123
124
125
125
126
126
127
128
128
128
129
130
130
131
131
132
132
132
132
132
134
134
135
135
135
136
136
136
137
140
140
141
141
142
142
142
144
144
144
144
149
149
149
150
151
151
152
152
152
154
154
154
155
155
156
157
157
158
158
159
160
160
161
161
162
163
164
164
165
166
167
168
169
169
169
170
170
171
173
175
177
177
178
180
180
180
181
182
182
183
183
183
183
184
185
187
188
188
189
191
192
192
193
193
193
194
194
196
196
196
197
197
198
202
204
204
205
205
207
207
209
210
210
210
211
212
212
212
214
215
216
216
217
217
218
218
219
219
220
222
223
223
224
226
226
227
228
229
229
230
230
231
231
231
232
233
235
237
238
238
239
239
241
242
242
243
243
244
244
245
245
245
246
246
247
248
249
249
250
250
251
252
253
255
255
257
258
258
260
262
263
263
264
266
266
266
266
267
267
268
269
269
269
270
270
271
271
271
272
273
273
273
275
276
276
276
277
277
278
279
280
281
283
283
285
285
287
289
289
292
292
292
293
293
294
294
295
297
299
300
301
302
303
304
304
304
305
306
306
308
310
310
312
314
315
315
315
316
316
320
321
321
321
322
322
322
322
323
323
323
327
328
330
330
331
331
331
333
334
334
335
335
335
335
335
337
337
338
339
340
340
340
341
342
343
343
344
344
345
346
347
348
349
350
352
353
353
354
355
355
355
356
356
356
356
359
360
360
360
362
363
363
363
363
367
367
367
369
370
370
370
371
371
371
375
375
377
378
378
378
378
380
380
381
381
382
384
385
385
385
387
387
387
388
389
389
389
390
390
391
392
392
392
392
393
393
393
394
395
397
399
399
399
402
403
404
406
407
407
409
409
410
410
413
413
415
415
415
419
419
420
421
422
423
424
424
425
426
427
427
427
429
429
430
431
432
432
433
434
434
434
435
435
436
437
441
442
444
444
444
445
445
445
446
446
446
447
447
447
448
450
451
452
455
455
456
456
457
457
458
459
461
461
464
464
465
466
467
467
468
468
469
469
472
472
472
474
475
475
475
477
480
481
481
482
482
484
484
485
487
488
489
489
489
492
492
492
492
493
493
494
494
494
494
494
495
497
497
497
498
498
498
500
500
501
501
502
503
503
503
505
505
506
507
509
510
510
511
511
513
513
514
515
516
517
518
518
518
520
520
520
521
521
522
523
524
525
526
526
527
528
529
529
529
529
530
530
531
531
532
532
533
534
534
535
535
535
535
536
538
539
539
540
542
543
543
544
544
544
546
547
547
547
548
549
549
550
550
551
552
553
554
554
555
556
558
558
560
560
561
561
561
561
562
562
562
563
564
564
565
565
566
566
568
568
570
570
571
572
572
572
573
573
573
573
574
574
575
575
577
581
581
581
581
582
584
584
585
586
586
586
587
587
589
589
591
592
596
596
597
597
598
599
601
601
602
602
606
606
606
607
607
607
608
610
611
611
611
612
614
615
615
615
617
617
618
619
620
621
622
622
623
625
625
626
628
628
629
629
629
629
632
634
635
637
637
639
639
640
641
641
643
644
645
645
645
646
646
648
650
652
652
655
656
657
657
657
658
661
661
662
663
663
663
666
666
667
667
668
668
672
672
673
673
674
676
676
677
678
678
678
679
680
680
681
683
684
685
688
689
690
691
691
691
692
693
693
693
694
694
696
697
700
701
701
702
703
703
704
704
705
705
706
706
706
707
707
708
708
710
710
710
711
712
713
713
713
714
715
716
718
718
718
718
719
719
719
720
720
721
723
723
723
724
724
725
725
727
728
730
732
732
733
734
735
735
735
736
739
743
743
743
746
748
748
748
750
751
753
753
753
753
755
757
758
759
759
759
760
760
760
761
761
761
763
763
764
765
766
767
768
768
769
771
774
775
776
777
778
780
780
781
781
781
781
782
782
784
784
786
787
787
787
788
789
790
791
793
793
794
794
794
794
795
795
796
796
797
798
799
799
799
800
802
802
804
805
807
807
809
809
810
811
811
813
813
814
815
815
815
816
817
817
818
819
819
819
820
820
821
822
822
823
824
824
824
826
826
828
830
831
833
833
833
834
834
835
835
835
836
837
837
838
838
838
839
840
840
840
840
841
841
842
842
844
844
845
845
846
847
849
849
850
851
851
851
852
853
854
855
855
855
856
856
857
858
860
861
864
865
867
867
868
870
872
872
873
873
874
874
875
876
877
878
878
879
879
880
880
880
881
881
881
882
883
883
884
885
886
887
890
890
891
891
891
892
892
895
897
897
898
898
898
898
899
900
900
901
902
903
903
905
906
906
908
908
909
909
910
913
913
914
915
916
916
916
917
917
917
920
922
922
923
924
926
926
927
927
927
927
929
930
931
932
932
933
934
935
935
936
936
937
938
938
939
939
940
941
943
944
944
944
946
947
948
948
948
949
951
952
953
954
954
955
956
957
958
958
959
959
960
960
960
961
963
963
963
965
966
967
967
968
969
972
973
974
974
975
975
976
976
976
976
979
979
979
981
981
982
982
982
985
987
988
988
989
989
990
990
991
991
993
993
994
996
997
997
997
