5
13
14
17
24
24
26
33
34
34
35
38
43
56
72
73
84
86
93
100
101
103
110
120
126
132
139
141
144
145
150
182
183
189
190
193
212
213
219
235
235
236
237
240
245
261
266
267
278
280
283
288
288
298
311
316
328
329
330
337
343
345
355
357
361
369
383
384
384
386
400
405
406
410
415
419
429
435
441
449
459
466
466
472
474
483
484
489
500
504
513
515
521
523
534
537
538
545
554
561
567
573
599
599
601
604
611
633
635
642
642
656
656
658
667
668
668
674
689
694
728
731
738
739
743
755
765
769
777
779
782
825
828
830
834
836
838
847
847
866
887
906
908
913
917
929
930
933
940
943
944
954
955
958
976
979
981
986
987
994
