10
11
27
27
30
32
39
58
61
72
73
85
87
90
92
102
125
128
130
131
133
137
141
149
157
161
162
169
179
186
188
192
192
197
200
204
204
206
225
246
259
260
263
269
274
280
284
303
305
313
325
330
344
346
347
347
355
355
358
378
379
383
403
405
421
439
441
443
452
458
461
462
463
466
470
471
483
490
500
500
501
529
531
537
541
542
546
549
557
561
575
576
606
606
611
612
630
637
637
643
646
657
659
668
671
681
683
691
695
696
697
717
727
727
727
732
732
742
747
747
749
765
772
789
795
796
799
802
805
816
825
850
863
881
884
893
898
900
905
906
907
916
919
919
924
927
934
935
947
948
951
952
952
953
955
956
971
974
978
980
