0
1
2
2
2
3
3
4
4
5
6
8
8
8
9
9
9
12
12
13
13
13
13
14
15
15
15
17
19
20
20
23
23
24
24
24
26
28
29
29
30
30
31
32
33
33
34
34
34
34
34
34
35
35
35
36
38
38
38
39
39
40
43
44
45
45
46
47
47
48
48
49
50
51
51
51
51
52
53
54
55
56
57
57
58
59
60
62
63
63
64
65
66
69
70
71
71
72
72
73
74
75
76
77
78
78
79
80
80
80
81
81
83
83
83
84
84
84
84
86
87
87
88
89
89
91
92
92
93
94
96
96
96
96
97
98
98
99
99
100
101
102
103
103
103
105
105
107
108
108
109
110
111
112
112
113
114
114
114
116
117
118
118
119
120
120
120
121
122
124
124
125
125
126
126
127
129
129
131
132
132
132
134
135
137
137
138
139
139
139
139
140
140
141
142
142
144
145
146
146
147
150
151
151
151
153
154
154
154
155
155
156
156
157
158
158
159
161
162
164
164
166
167
167
168
168
169
169
169
169
171
172
172
173
173
174
176
177
177
178
178
178
178
179
179
179
179
180
181
181
182
182
182
182
182
182
183
184
185
187
188
189
189
190
190
192
193
193
193
194
197
198
199
200
202
203
204
205
207
207
209
210
211
211
211
212
212
212
213
213
219
221
222
223
225
225
230
231
232
232
233
234
235
235
235
235
236
236
237
240
240
240
244
244
245
245
246
248
249
250
250
255
256
257
257
259
259
261
263
264
265
265
265
266
267
268
268
269
269
270
270
271
271
273
273
273
275
275
276
278
278
279
279
279
279
280
280
280
282
282
283
284
284
284
285
287
287
288
288
289
291
292
293
293
294
295
295
297
297
298
298
298
299
300
301
301
303
304
305
306
306
308
308
311
311
311
312
316
316
316
317
317
317
318
320
320
321
322
323
323
323
324
325
325
326
326
326
328
329
329
330
330
330
330
331
332
333
334
334
335
335
336
336
337
337
338
338
338
338
338
339
340
340
342
342
342
343
344
344
344
345
345
345
346
346
347
348
348
348
348
348
348
350
351
351
352
353
354
354
355
357
357
358
359
359
361
361
361
362
367
369
369
370
370
373
373
374
376
377
378
378
378
378
380
380
381
383
383
383
384
384
384
384
385
386
386
386
387
390
390
390
391
393
393
395
395
396
396
396
398
400
400
400
401
404
405
405
405
406
408
410
410
413
413
413
414
415
415
415
415
415
416
418
418
419
419
419
421
422
422
425
425
427
427
428
428
429
430
430
432
433
433
434
435
435
435
436
436
437
437
438
438
441
442
442
443
444
445
446
446
448
449
450
450
452
455
455
456
456
456
456
456
457
458
459
459
460
460
461
465
465
466
466
467
468
469
469
470
470
471
471
471
471
472
473
473
474
475
476
478
478
479
479
479
480
480
481
481
481
483
483
484
484
485
486
486
486
487
488
488
488
488
489
489
489
489
491
491
492
493
493
494
495
497
499
500
500
500
502
502
502
504
505
506
507
508
508
511
511
512
512
512
513
513
515
515
515
516
516
517
518
519
519
521
521
521
522
523
523
524
526
527
527
528
528
529
529
530
530
533
533
534
534
535
535
536
537
537
538
538
538
538
540
541
541
541
541
543
545
546
548
548
548
549
550
552
552
552
552
552
553
554
555
556
558
559
559
560
561
561
561
564
565
565
565
565
567
570
570
571
571
572
573
573
574
574
574
576
576
576
578
578
580
581
581
582
583
584
586
587
588
588
591
591
592
592
592
593
593
595
596
597
597
599
599
600
600
601
601
603
604
604
604
605
607
608
609
609
611
611
613
613
613
614
616
616
617
617
618
619
619
620
620
621
623
624
628
629
629
630
631
632
633
633
633
635
635
636
637
638
640
641
642
642
642
643
643
647
648
648
648
649
650
650
651
651
652
652
653
653
655
656
656
656
657
657
658
658
659
660
661
662
664
664
664
666
667
668
668
668
668
670
670
671
671
674
674
675
676
676
677
680
682
682
683
684
685
685
687
688
688
689
690
691
691
691
693
693
693
694
695
695
696
696
696
697
697
698
699
700
700
702
703
704
705
706
707
707
709
710
710
711
715
718
719
719
721
721
721
721
723
724
725
726
727
728
728
728
730
730
730
731
732
732
734
735
736
736
737
737
737
738
739
739
739
739
741
742
743
743
744
744
745
746
746
747
749
751
754
755
755
756
757
759
760
760
761
762
764
765
766
766
769
769
769
770
770
771
774
775
775
776
777
778
778
779
779
779
780
780
780
781
781
782
782
783
783
784
784
784
784
784
787
787
790
790
790
793
794
794
795
796
799
801
801
802
805
805
808
808
808
811
811
812
813
814
814
815
815
816
816
816
817
818
820
821
821
821
822
822
824
825
825
826
826
826
828
828
830
830
830
830
832
834
834
834
836
836
836
838
838
839
839
839
840
841
841
841
841
841
842
842
842
842
842
844
844
844
845
846
846
846
846
847
847
848
849
850
851
852
853
853
855
856
856
857
857
858
859
860
860
860
861
862
862
863
863
864
866
866
868
868
869
870
870
870
871
873
873
874
877
878
878
879
879
879
881
882
885
887
887
889
890
891
891
892
893
896
896
896
896
896
897
897
899
901
901
903
904
905
906
906
907
908
909
912
913
914
915
917
918
919
919
920
920
920
921
921
922
922
925
925
926
927
927
927
928
928
929
929
930
930
931
931
932
933
934
935
936
937
937
939
939
939
940
940
940
941
942
943
943
944
944
944
944
945
945
947
950
950
951
953
954
955
956
956
958
958
959
959
960
960
961
964
964
964
964
964
968
969
969
970
971
972
973
976
977
979
979
979
979
979
980
981
982
982
984
985
985
986
987
988
988
989
990
992
992
993
993
994
994
994
994
995
995
996
997
998
999
999
