0
0
0
1
1
1
2
3
3
4
4
4
4
5
5
7
8
8
8
10
11
11
14
14
14
15
16
18
18
18
18
19
20
21
24
25
25
25
26
29
30
31
33
33
35
35
36
37
37
39
40
40
40
41
42
42
43
43
45
47
47
48
49
51
52
52
52
52
53
56
57
58
59
60
60
61
62
62
63
63
66
66
68
69
69
69
69
70
71
71
73
75
76
76
77
78
79
79
79
82
82
82
82
84
85
86
86
87
87
88
89
89
89
90
92
93
93
94
94
95
95
95
96
97
100
101
102
103
104
105
106
106
108
109
110
111
111
112
112
112
113
113
113
115
116
118
120
120
121
121
121
122
122
123
124
125
127
128
129
130
132
133
133
135
135
136
137
138
139
139
139
140
140
141
143
144
144
148
149
149
149
151
153
153
154
154
156
157
160
160
161
161
161
163
164
164
166
169
169
170
171
172
172
172
172
173
177
177
180
180
181
182
182
183
186
186
187
187
188
188
189
190
193
193
193
194
194
195
195
197
198
199
199
200
200
200
201
202
203
203
203
204
204
204
206
207
207
207
208
208
211
211
212
212
212
214
214
215
216
216
216
216
217
218
219
219
220
221
221
221
221
223
223
225
225
225
227
227
228
228
229
229
231
231
232
232
232
233
233
234
234
235
235
235
241
244
244
245
245
246
247
248
248
249
250
250
251
252
252
252
253
254
255
255
255
255
257
258
258
258
260
266
266
266
266
266
267
267
270
270
272
273
273
274
275
276
276
277
278
278
278
279
280
281
281
281
282
282
282
284
284
285
288
289
289
290
290
291
291
291
292
292
293
295
296
296
297
297
298
301
304
304
305
306
307
309
310
310
311
312
312
313
315
315
316
318
319
320
320
321
321
321
322
322
322
323
323
324
325
325
326
327
327
327
327
329
331
334
336
336
337
339
339
341
342
342
343
343
345
345
346
346
348
350
350
351
351
352
352
352
353
354
354
354
355
356
356
356
358
358
360
360
361
361
364
364
364
366
367
369
370
371
373
374
375
375
376
377
377
377
378
379
385
385
386
386
388
389
389
390
392
393
394
394
396
396
398
398
398
400
402
402
403
404
404
405
405
405
407
408
409
409
411
411
411
411
412
413
414
414
414
415
416
417
418
418
418
423
425
427
429
430
430
431
432
432
432
433
433
433
434
434
435
436
439
441
441
441
441
442
443
446
447
447
448
448
448
449
451
452
452
453
453
453
454
455
458
458
458
458
460
460
460
461
462
462
463
463
463
463
463
464
466
470
470
472
472
472
473
473
475
476
476
477
477
477
478
479
481
482
482
483
483
484
484
485
485
487
487
487
488
489
489
490
491
491
494
494
495
497
497
497
499
499
500
500
500
500
501
501
501
502
502
503
504
504
505
507
511
511
511
511
511
513
514
515
515
515
516
517
517
517
517
518
518
518
518
519
520
520
521
521
523
524
524
525
526
527
527
527
528
528
529
530
530
531
532
533
533
533
536
538
538
540
541
541
541
541
542
543
544
544
544
545
545
546
547
548
549
550
550
550
550
552
553
553
554
555
555
556
559
560
561
562
562
562
563
563
563
563
564
565
565
565
566
567
569
570
570
570
571
571
571
573
574
574
574
574
575
575
577
577
577
578
578
579
579
580
581
583
584
586
586
586
586
586
590
590
591
592
592
592
592
593
596
598
599
599
599
600
601
603
604
604
604
606
606
608
608
609
610
611
611
612
612
612
612
612
613
613
613
613
615
617
617
617
618
618
618
619
620
620
621
621
622
622
622
622
622
622
623
625
625
626
626
626
627
627
628
628
628
629
630
631
632
633
633
634
637
641
641
642
643
643
643
643
643
643
644
644
645
645
645
647
647
647
647
648
649
650
651
653
653
655
655
656
656
657
657
657
660
660
660
662
662
663
663
664
664
666
667
670
670
670
670
671
671
672
673
673
673
674
674
676
677
678
679
679
680
680
681
681
684
687
688
689
689
690
690
691
691
692
692
692
692
694
695
695
695
696
696
698
698
699
699
700
700
702
704
704
706
710
710
711
713
714
715
715
716
718
720
720
721
721
722
722
722
722
722
724
724
725
727
728
728
730
731
733
733
734
734
736
736
737
737
738
739
739
741
742
743
744
746
746
747
748
749
750
754
754
755
756
756
762
763
763
764
764
765
765
766
767
767
767
768
770
771
772
772
773
773
773
774
776
776
776
777
777
777
778
779
780
780
781
781
783
784
784
784
786
786
786
787
788
789
790
790
792
792
792
793
796
797
797
798
798
799
802
803
803
803
805
805
806
806
807
808
808
808
809
809
809
810
811
811
812
813
813
814
814
817
818
819
819
819
819
820
820
821
821
822
822
822
825
825
827
829
829
830
831
832
832
832
833
834
835
835
835
835
837
839
839
840
840
840
842
843
843
843
844
845
846
846
847
849
849
850
850
851
852
853
853
855
856
856
859
859
860
860
860
861
863
864
865
866
867
867
867
867
868
868
869
872
872
873
874
875
875
876
877
877
877
877
878
878
878
880
880
881
882
883
884
885
886
887
888
889
889
889
890
892
892
893
894
894
895
895
896
896
897
898
898
899
900
902
904
904
904
906
908
908
908
908
908
909
909
910
910
911
911
911
911
912
913
914
915
916
916
917
918
919
920
922
922
922
923
924
924
925
925
926
926
928
929
929
930
930
930
930
931
932
934
934
935
936
936
936
937
938
939
939
941
942
942
943
943
944
944
946
946
949
951
952
952
952
953
953
954
954
954
955
956
956
956
956
956
958
958
960
960
961
963
964
965
968
968
969
969
969
970
971
971
972
973
973
973
975
977
977
978
978
978
979
979
980
980
981
981
982
982
983
984
985
986
986
986
987
987
988
989
992
994
995
995
996
997
998
999
999
1000
