5
10
22
23
38
38
39
42
44
47
65
74
81
88
91
92
101
102
103
107
112
112
119
126
130
134
138
152
152
155
155
157
157
159
175
176
181
182
189
192
197
208
213
217
222
225
230
234
236
238
241
245
259
259
269
296
316
336
339
348
364
365
370
384
387
395
405
407
413
415
426
427
434
434
437
455
456
459
459
461
467
468
470
476
480
484
484
492
504
512
513
521
523
531
533
538
541
565
566
567
567
582
586
592
601
603
622
627
635
635
668
681
691
691
701
722
724
724
724
730
737
750
753
757
769
776
780
788
795
808
809
824
838
840
844
845
853
861
863
887
888
908
917
917
923
925
939
946
947
958
958
978
978
978
985
987
989
989
992
994
