0
2
4
5
5
9
14
17
22
23
25
26
26
35
36
36
38
39
39
40
41
50
52
54
59
63
66
69
69
87
91
96
101
112
113
113
115
116
124
126
126
129
134
134
139
141
146
147
150
152
153
157
162
164
167
167
169
176
183
188
189
192
194
198
203
207
207
208
213
213
213
217
217
227
227
230
234
235
239
243
244
249
251
253
255
258
268
274
279
280
281
287
292
294
297
302
303
303
310
312
312
313
313
314
321
326
326
327
328
331
332
335
335
338
338
339
340
343
346
347
353
354
361
362
365
367
368
376
377
377
381
381
385
398
399
400
400
400
401
402
408
411
412
413
414
418
420
421
433
434
435
437
438
443
443
445
447
453
457
458
462
463
464
464
465
466
467
468
468
473
477
480
481
483
488
489
493
498
499
499
500
501
503
503
514
524
528
530
532
533
539
541
542
544
547
548
553
561
564
565
569
569
573
576
584
591
594
596
596
597
599
604
615
620
627
631
632
632
633
633
635
647
649
649
651
655
658
662
662
663
666
670
672
675
675
683
690
692
692
698
700
708
712
716
719
721
726
726
738
747
751
753
753
754
756
757
757
758
763
772
777
784
792
793
795
797
799
800
803
807
808
814
814
816
816
824
829
829
830
836
840
842
847
851
851
854
854
867
872
881
883
885
889
894
896
897
898
899
901
904
905
907
911
911
913
919
920
929
936
949
950
954
959
960
963
968
972
975
993
998
