9
10
14
15
18
20
27
32
43
44
47
49
52
57
57
63
69
71
71
82
87
103
104
106
110
113
114
118
123
125
127
129
136
139
144
147
149
150
154
154
156
157
161
167
168
168
169
170
175
184
187
192
193
200
202
208
209
212
216
218
218
225
252
253
253
256
265
271
281
284
288
292
293
298
305
311
313
317
318
325
326
329
331
333
335
340
342
343
346
347
349
351
351
360
362
369
369
376
385
392
392
394
397
400
401
405
407
408
409
410
428
430
440
440
444
446
447
447
452
458
459
459
460
464
466
468
486
486
486
488
492
493
497
499
500
502
504
506
507
509
514
519
521
528
529
533
535
535
537
538
540
543
544
545
545
547
548
551
553
554
554
561
567
571
571
573
577
579
580
581
582
582
583
584
590
606
606
607
608
613
619
621
622
625
626
626
627
627
629
635
640
648
655
658
658
663
665
665
670
670
675
676
676
677
678
680
683
683
687
687
689
695
697
711
716
722
723
733
733
737
743
748
748
754
754
761
763
769
769
773
774
776
777
779
780
780
782
783
784
785
786
790
790
791
792
793
802
803
805
805
806
806
808
809
812
813
815
817
818
818
823
825
828
833
833
836
836
839
842
852
855
858
858
863
863
868
876
876
877
878
879
879
881
881
885
885
886
892
895
903
905
906
906
907
907
908
919
924
927
936
946
951
952
956
960
960
963
967
969
970
972
973
975
976
982
988
989
989
995
999
