5
8
10
24
45
46
54
59
59
59
61
62
62
71
74
77
80
86
90
98
105
110
112
114
118
118
118
127
132
136
158
172
183
185
185
186
188
197
202
219
231
242
255
260
271
277
278
279
288
290
294
310
310
326
327
328
331
341
345
347
356
359
372
377
382
391
393
394
395
400
409
414
415
417
423
426
434
435
435
439
443
448
453
458
461
466
466
482
487
489
492
493
495
499
502
515
521
526
529
530
534
549
555
556
560
563
565
571
573
583
585
595
601
609
609
611
617
622
622
627
644
644
647
648
653
653
664
665
669
670
691
697
709
723
727
733
742
743
747
754
757
758
760
760
761
765
767
781
787
792
803
805
814
819
826
826
827
835
839
839
843
846
852
853
854
855
858
862
862
869
873
876
877
885
885
891
898
903
909
918
920
922
923
924
924
926
931
933
941
945
950
952
953
967
968
971
989
990
994
997
