0
0
2
5
5
6
9
9
9
10
15
18
18
18
18
18
20
21
21
22
23
25
26
33
36
38
38
38
39
39
39
41
41
42
42
44
44
44
45
45
47
48
52
54
57
60
60
61
61
62
65
65
66
67
68
70
71
74
75
75
79
80
81
81
81
84
87
88
90
91
92
95
98
100
101
102
102
103
107
110
110
112
112
112
114
115
116
116
119
119
119
122
123
124
124
126
127
129
130
130
134
134
135
135
138
139
142
142
145
147
148
149
149
152
152
155
155
155
156
156
156
157
157
157
159
159
161
164
169
171
175
175
176
177
178
178
178
180
181
182
184
184
185
188
189
192
192
193
193
193
197
198
201
208
208
211
211
212
213
213
216
217
218
218
219
222
225
226
228
229
230
230
230
233
233
233
233
234
235
236
238
240
241
242
245
248
249
252
256
259
259
262
266
269
271
271
273
274
278
284
288
289
292
293
293
295
296
296
296
296
298
298
301
301
302
302
303
303
306
309
310
310
312
312
315
316
316
321
325
325
328
331
331
331
332
335
336
339
339
340
342
346
348
350
354
356
357
358
360
361
363
364
364
364
364
365
366
369
369
370
371
373
376
377
383
384
386
387
387
389
393
395
395
403
403
405
407
407
408
408
412
412
413
415
416
416
418
418
419
420
423
426
426
427
427
427
431
434
434
434
437
437
438
454
455
456
456
458
458
459
459
460
461
461
464
467
468
469
470
470
472
472
476
476
477
478
478
479
480
483
484
484
484
489
489
491
492
498
500
504
504
505
512
513
513
515
515
517
519
520
520
521
521
523
530
531
533
535
537
538
539
540
541
545
546
549
553
555
555
555
555
556
563
564
565
565
566
566
566
567
567
567
569
570
570
571
571
572
574
574
582
582
583
584
584
586
587
587
587
589
590
591
592
598
601
602
602
603
603
606
606
609
611
613
621
621
622
625
627
627
627
628
630
630
632
635
635
635
636
638
639
640
640
642
646
647
653
656
661
662
662
664
666
668
670
671
674
677
677
679
679
679
681
681
683
684
686
687
688
689
689
690
691
691
692
693
693
697
700
701
701
703
707
708
711
722
723
723
724
724
724
727
728
728
730
730
731
734
737
737
740
741
743
744
750
750
753
754
756
757
761
765
766
767
767
767
769
769
776
777
780
781
782
782
783
788
789
789
790
793
795
795
797
797
801
804
806
808
809
810
811
812
813
819
824
826
833
834
838
838
838
840
840
840
841
844
845
846
848
850
853
854
855
856
857
859
861
862
863
864
869
869
871
873
873
875
876
882
882
884
887
887
888
889
890
891
893
895
896
900
905
908
912
913
915
917
917
919
921
923
925
926
928
935
935
935
937
939
940
940
945
945
946
946
947
949
950
951
952
952
955
955
956
958
958
958
959
960
962
973
976
978
978
978
978
982
983
984
985
987
989
989
991
992
992
994
995
995
995
998
