0
3
8
8
15
18
19
24
31
33
36
37
48
52
59
66
69
76
93
94
94
95
118
120
124
133
149
153
160
164
172
173
177
187
188
190
198
199
200
202
219
225
229
232
233
253
257
278
282
284
290
292
297
310
310
325
326
331
339
341
343
352
361
367
379
392
402
403
414
441
452
463
463
464
477
479
488
497
497
499
511
514
524
527
546
552
563
565
583
586
586
599
603
608
611
618
618
620
621
622
625
628
642
662
670
670
692
692
696
706
714
718
721
727
728
738
739
763
771
773
777
781
784
798
798
807
808
814
821
840
846
856
860
866
868
877
878
880
881
882
892
898
904
911
913
917
929
936
937
946
949
952
956
961
969
971
978
978
980
986
