2
7
9
20
31
31
33
33
34
39
41
50
51
51
51
52
54
55
56
60
61
67
72
73
78
85
86
86
90
102
103
120
121
122
122
124
126
127
134
134
135
135
136
141
143
144
146
148
149
152
153
154
155
155
163
177
178
184
184
192
193
198
202
203
204
205
205
207
207
217
223
224
224
226
229
237
247
251
254
255
256
257
263
270
279
284
284
286
291
292
305
308
309
312
312
317
320
323
324
324
328
329
337
339
344
346
348
351
351
353
355
356
364
370
370
372
374
374
377
385
387
388
390
394
394
395
396
398
400
405
416
417
421
421
424
434
447
458
469
470
476
477
485
491
493
497
497
499
504
506
513
514
514
518
520
533
538
539
540
543
543
544
548
550
560
571
572
576
578
579
580
581
581
583
587
589
592
593
594
594
596
600
602
605
609
616
616
622
623
631
633
636
641
643
650
651
656
656
657
657
659
660
666
672
685
685
685
690
691
697
699
700
701
705
705
709
715
719
720
720
723
723
728
735
735
735
741
747
749
750
750
752
753
754
756
758
765
766
766
767
770
772
774
776
777
780
780
783
785
786
790
795
798
802
806
807
808
813
819
820
820
825
827
828
830
832
833
833
833
836
838
838
841
843
845
852
853
855
858
867
873
880
881
881
884
885
885
886
886
888
890
898
905
909
915
915
919
930
933
934
937
939
942
947
949
952
959
959
960
963
963
971
976
978
978
978
980
988
993
994
