9
17
22
23
26
35
36
36
38
39
41
50
52
54
59
87
101
112
113
126
134
134
141
146
147
150
183
188
189
192
194
203
208
213
213
217
227
227
234
253
255
258
274
279
287
302
303
303
310
312
312
313
326
328
331
335
338
338
365
367
377
381
398
399
400
401
402
408
411
412
418
420
433
438
443
447
457
458
463
464
465
466
467
477
483
499
499
500
501
524
533
542
544
548
553
561
564
569
573
591
594
596
615
627
633
635
655
658
662
663
666
672
675
675
683
690
692
700
708
716
726
747
753
756
757
757
758
763
772
784
792
797
803
807
808
814
829
830
836
851
851
854
854
881
883
885
894
898
901
904
911
949
954
959
960
968
972
975
993
998
