0
0
3
8
8
15
16
18
19
24
25
31
33
36
37
40
43
45
47
48
49
52
52
56
57
59
60
62
66
69
73
76
79
92
93
94
94
95
118
120
124
133
135
135
138
139
140
149
153
154
160
161
164
172
173
177
183
187
187
188
189
190
194
195
198
199
200
202
203
203
211
219
225
228
229
231
232
233
234
235
241
245
248
249
253
255
257
258
260
266
272
275
276
278
279
281
282
284
289
290
292
293
297
298
310
310
322
325
326
327
327
331
339
341
342
343
352
354
361
367
369
371
379
385
392
402
403
411
411
414
414
430
432
433
433
441
441
452
458
458
462
463
463
464
466
477
478
479
483
483
488
489
490
497
497
497
499
501
504
511
514
518
524
527
529
530
544
546
550
550
552
553
563
565
566
569
571
578
583
586
586
586
586
590
599
603
604
608
610
611
613
617
618
618
620
621
622
622
622
625
625
628
629
631
641
642
643
643
643
644
647
647
651
655
662
670
670
671
673
673
681
690
692
692
695
696
696
698
706
714
715
718
721
721
722
727
728
734
738
739
741
746
756
763
763
767
771
773
777
781
784
790
793
797
798
798
807
808
809
809
810
811
814
817
821
835
840
846
847
853
856
860
864
866
867
867
868
873
875
877
877
878
878
880
881
882
892
898
898
904
911
912
913
917
926
929
936
937
943
944
946
949
952
953
956
961
963
964
969
971
973
977
978
978
980
980
982
986
994
999
