2
4
8
12
24
31
32
38
46
48
64
74
74
75
75
76
86
87
88
88
90
93
99
111
114
124
127
135
137
139
147
149
151
160
167
172
174
176
190
192
193
196
204
218
222
238
246
250
253
258
267
267
269
271
275
278
285
307
324
331
350
352
353
355
357
362
365
373
374
377
379
382
383
384
390
395
396
400
402
418
445
446
457
459
469
469
485
487
489
502
506
509
513
532
532
546
550
554
563
576
582
596
606
612
612
613
614
617
627
636
645
647
650
655
661
665
686
703
706
713
722
739
739
745
751
767
770
780
783
787
787
790
792
805
827
830
834
837
851
852
856
858
862
866
879
881
888
889
913
913
916
918
924
930
958
958
961
986
996
997
