1
2
4
5
10
11
11
20
21
25
40
41
52
53
58
62
71
76
77
82
86
86
87
87
88
89
89
105
108
109
110
111
113
115
122
128
139
143
153
160
161
161
163
166
169
171
199
200
201
204
207
207
207
208
211
212
216
216
217
220
221
221
221
223
223
225
225
228
229
235
247
248
250
251
252
252
258
266
266
280
284
292
305
306
309
313
315
318
321
321
323
324
327
329
346
348
350
350
352
353
356
356
360
364
366
375
377
388
390
405
408
409
409
412
415
423
431
432
443
446
448
449
458
458
460
462
463
463
473
476
482
485
487
500
501
505
507
511
511
511
515
516
518
519
521
521
524
526
528
531
532
541
541
541
544
545
545
548
549
550
553
554
562
563
564
567
571
574
574
575
577
577
578
579
581
593
598
599
599
600
604
606
608
609
612
612
612
613
617
618
619
621
622
626
626
628
630
633
641
643
645
647
649
650
656
657
660
660
672
674
674
677
679
687
689
691
700
702
713
720
722
722
730
731
733
733
734
744
748
749
754
755
762
764
765
766
767
772
772
776
776
777
777
778
780
784
786
786
788
790
792
797
802
803
808
814
818
819
819
819
820
822
827
830
832
832
834
835
837
839
849
851
856
861
872
872
875
880
884
886
887
889
890
896
896
897
899
904
908
908
908
908
909
910
911
926
928
930
935
938
939
942
946
953
954
954
956
956
968
971
972
973
973
982
983
984
987
987
997
1000
