0
0
0
0
1
1
2
2
3
4
4
5
5
6
6
6
8
8
9
9
9
9
10
11
11
12
13
15
15
18
18
18
18
18
18
18
20
21
21
22
23
25
26
26
32
32
33
33
33
35
36
37
38
38
38
39
39
39
39
41
41
41
42
42
44
44
44
44
45
45
45
47
47
48
48
50
51
52
54
57
60
60
61
61
61
62
65
65
66
66
67
67
68
70
70
71
71
72
74
75
75
77
78
78
78
79
80
80
80
81
81
81
82
84
87
88
89
89
90
91
92
93
94
95
98
98
99
100
101
101
102
102
103
103
107
108
108
108
109
109
110
110
111
112
112
112
112
113
114
114
115
115
116
116
116
117
119
119
119
121
121
122
122
123
123
123
124
124
124
125
126
127
127
129
129
129
130
130
132
133
134
134
134
134
135
135
136
136
137
137
138
138
139
140
142
142
143
144
145
146
146
147
147
147
147
147
148
148
149
149
151
151
152
152
152
152
153
154
155
155
155
156
156
156
156
157
157
157
157
158
159
159
159
160
161
162
162
163
164
167
167
169
169
171
171
173
175
175
176
176
177
178
178
178
178
178
178
180
181
181
182
184
184
185
187
187
187
188
188
189
189
189
192
192
193
193
193
194
195
196
197
198
199
199
200
201
201
205
206
206
207
208
208
209
210
211
211
211
212
213
213
215
216
216
217
218
218
218
219
219
222
225
226
226
228
228
229
230
230
230
230
231
233
233
233
233
233
234
234
235
235
236
236
238
239
240
240
241
241
241
242
242
242
243
244
244
245
245
246
246
248
248
249
250
252
254
256
258
259
259
260
260
261
262
262
264
266
266
268
269
269
271
271
271
272
273
274
274
275
276
277
278
280
281
283
284
284
285
288
289
289
289
289
290
291
291
292
292
293
293
295
296
296
296
296
297
298
298
298
299
301
301
301
302
302
303
303
304
306
307
307
309
309
310
310
310
312
312
312
312
312
313
314
315
316
316
316
316
318
321
322
324
325
325
325
327
328
331
331
331
331
332
332
334
335
335
336
339
339
340
340
342
346
347
348
350
350
352
354
355
356
356
356
357
357
358
358
359
360
361
361
361
362
363
363
364
364
364
364
364
365
366
367
369
369
370
371
372
372
373
376
377
377
381
381
381
382
383
384
384
386
387
387
387
389
391
392
393
393
394
395
395
396
397
398
401
401
403
403
403
404
405
407
407
408
408
409
410
411
411
411
412
412
413
413
415
415
416
416
417
418
418
419
420
421
423
423
425
426
426
427
427
427
428
428
428
429
429
431
432
432
434
434
434
435
436
437
437
438
439
443
443
444
444
450
450
452
454
454
454
455
455
456
456
456
458
458
458
459
459
459
460
460
461
461
461
463
464
464
467
467
468
469
470
470
471
472
472
472
474
475
476
476
476
476
477
478
478
478
479
480
483
484
484
484
484
484
485
486
486
489
489
490
490
490
491
491
492
492
493
493
494
494
498
499
499
500
500
503
504
504
505
508
508
510
512
513
513
515
515
515
517
519
520
520
521
521
522
523
523
524
528
530
531
531
533
535
535
537
537
538
538
539
540
541
542
542
545
545
546
546
548
549
549
550
551
551
553
553
554
554
554
555
555
555
555
555
556
556
562
563
563
564
564
565
565
565
566
566
566
567
567
567
569
570
570
570
571
571
571
572
572
574
574
575
578
578
581
582
582
583
583
584
584
584
586
587
587
587
588
589
589
590
590
591
591
591
592
594
594
596
598
601
602
602
602
603
603
603
605
606
606
606
607
608
609
610
611
611
612
613
620
621
621
622
624
625
626
627
627
627
627
628
629
630
630
630
632
634
634
635
635
635
636
637
638
638
639
640
640
640
640
641
642
643
644
644
646
646
647
647
651
651
651
652
653
654
654
655
655
656
656
656
657
658
661
661
662
662
663
664
664
665
666
666
668
668
668
669
670
671
674
674
676
677
677
677
679
679
679
679
681
681
682
682
683
683
684
684
684
684
685
685
686
686
686
687
687
688
689
689
689
690
690
691
691
691
692
693
693
693
697
698
700
701
701
701
703
703
703
703
706
706
707
708
711
711
711
712
717
719
719
721
722
722
723
723
723
723
724
724
724
725
725
725
725
726
727
727
727
728
728
728
729
729
730
730
731
731
731
732
733
734
734
734
736
736
737
737
738
740
740
740
740
741
742
742
743
744
750
750
750
750
751
751
752
752
753
754
754
754
756
757
760
761
762
765
766
767
767
767
767
768
769
769
769
769
774
776
777
777
778
778
779
779
780
780
781
782
782
783
783
783
784
785
785
785
785
786
786
788
789
789
790
791
793
795
795
797
797
798
798
801
803
804
804
806
808
808
809
809
810
811
811
812
812
812
813
814
816
818
819
820
824
826
828
828
832
833
833
833
834
834
838
838
838
840
840
840
841
842
842
842
843
844
844
845
845
846
848
849
850
850
851
852
853
854
855
855
856
857
858
859
860
861
861
862
862
863
863
864
864
866
866
869
869
869
871
873
873
873
873
873
874
875
876
876
880
881
882
882
882
883
884
885
886
887
887
887
888
889
889
889
890
891
891
893
895
896
896
896
898
900
900
901
902
903
903
903
905
905
906
908
908
910
912
912
913
913
914
915
917
917
917
917
917
918
918
918
918
918
918
919
921
921
922
923
923
925
926
927
928
928
929
930
930
930
931
931
932
934
934
935
935
935
935
937
938
939
939
940
940
941
942
944
945
945
945
946
946
947
949
949
950
950
951
952
952
953
954
955
955
955
956
956
958
958
958
959
960
960
960
962
962
963
964
969
970
971
971
971
971
972
972
972
972
973
973
976
977
978
978
978
978
980
982
982
983
984
984
985
987
989
989
991
991
992
992
992
994
995
995
995
996
996
997
998
998
998
1000
