2
7
8
9
13
25
26
33
34
34
43
47
70
104
112
114
114
115
116
120
120
121
129
131
141
144
149
157
160
166
176
179
192
193
195
198
210
222
234
238
245
246
251
252
269
274
296
300
304
307
319
324
325
339
346
346
353
354
359
365
365
368
370
371
381
391
400
401
409
412
415
436
440
440
448
452
452
452
453
469
485
489
492
496
506
511
518
540
541
543
547
548
549
583
593
594
601
603
605
609
614
631
641
643
653
657
661
664
672
673
674
680
684
689
691
693
698
718
726
729
732
732
751
772
781
792
815
827
832
833
833
835
842
853
854
856
862
872
880
886
887
887
890
906
911
915
925
931
937
947
948
948
950
952
968
970
971
977
983
992
