1
3
14
14
14
18
18
35
35
40
42
42
43
51
52
60
66
69
79
82
82
85
89
90
93
95
100
103
106
111
112
113
116
120
121
123
125
129
130
132
133
137
144
144
148
151
164
169
172
177
180
180
182
182
186
193
195
197
200
204
208
215
216
227
231
232
232
233
235
244
246
250
252
254
255
255
266
267
270
273
277
278
282
285
289
291
295
296
296
297
304
304
311
315
316
320
336
336
337
346
352
354
358
358
360
361
373
374
376
377
378
386
386
389
389
393
394
396
396
398
398
398
400
402
411
414
416
418
427
429
433
434
435
439
441
441
442
447
447
448
451
452
453
454
455
460
460
463
470
472
472
476
477
477
482
484
487
487
491
491
494
494
500
501
502
513
515
515
517
518
520
523
527
536
541
542
547
559
560
562
562
563
565
570
574
575
577
584
586
591
592
592
592
592
612
612
613
622
623
626
628
632
633
634
637
643
644
653
653
657
660
662
663
663
664
666
670
670
676
679
680
689
690
692
692
694
695
704
710
715
716
720
722
724
725
737
742
746
747
754
764
774
776
779
780
781
784
789
792
796
799
803
803
805
805
806
808
809
812
813
822
825
825
829
831
833
835
840
840
843
843
850
850
852
853
860
860
863
867
878
883
889
889
894
894
900
902
904
906
908
909
910
916
922
922
923
924
924
929
930
931
936
939
942
943
951
952
956
960
968
969
970
975
977
979
979
981
986
988
998
