6
23
31
35
47
51
52
54
57
61
65
68
70
72
87
92
94
98
103
108
109
113
115
138
153
156
156
162
162
162
166
174
177
194
218
219
229
233
234
248
264
270
276
278
279
281
288
291
300
305
309
310
317
323
326
330
331
335
353
359
371
372
373
403
411
419
419
420
425
428
432
433
436
444
454
457
462
463
475
503
506
508
511
525
531
533
542
547
549
550
553
557
561
562
565
570
593
598
616
624
637
642
642
643
650
656
656
661
663
669
678
679
681
690
705
713
715
723
731
732
740
743
752
753
756
766
770
774
776
793
794
799
807
807
818
834
854
865
867
868
877
880
881
883
887
921
924
934
937
940
946
953
955
964
975
977
981
988
989
992
