0
1
3
4
6
8
11
11
12
13
18
18
32
37
39
47
51
61
66
67
71
78
78
78
80
80
82
89
99
101
108
108
109
115
117
122
123
124
125
129
132
133
134
136
137
137
138
144
146
147
147
151
152
152
156
157
162
163
171
173
178
178
187
188
189
189
195
199
205
207
209
211
218
231
234
239
240
241
242
244
244
248
250
254
260
260
261
262
264
268
271
274
280
285
289
289
289
291
292
297
298
299
307
309
310
312
314
316
316
322
327
331
335
350
358
362
372
377
381
381
382
387
391
393
397
403
411
421
423
425
428
429
432
432
435
443
443
444
450
454
463
467
472
474
476
476
484
485
486
491
492
493
494
494
499
499
500
503
508
510
535
537
542
545
546
548
551
551
553
555
556
563
570
571
572
575
578
578
581
584
588
590
594
596
602
603
608
610
611
612
620
626
627
634
638
640
644
646
651
651
651
652
654
655
655
656
657
661
665
666
676
677
679
682
683
684
685
685
686
698
703
703
706
711
712
719
722
723
725
725
727
729
729
731
732
736
738
742
742
751
751
752
754
767
768
774
777
778
780
783
784
785
786
791
798
803
809
811
812
814
828
828
833
842
842
843
845
855
860
861
862
864
866
866
873
881
883
885
886
887
889
889
891
896
898
902
903
905
908
913
914
917
917
918
918
918
918
923
927
930
931
942
945
953
954
955
960
963
964
970
971
971
971
973
980
982
984
997
998
1000
