2
4
6
8
12
23
24
31
31
32
35
38
46
47
48
51
52
54
57
61
64
65
68
70
72
74
74
75
75
76
86
87
87
88
88
90
92
93
94
98
99
103
108
109
111
113
114
115
124
127
135
137
138
139
147
149
151
153
156
156
160
162
162
162
166
167
172
174
174
176
177
190
192
193
194
196
204
218
218
219
222
229
233
234
238
246
248
250
253
258
264
267
267
269
270
271
275
276
278
278
279
281
285
288
291
300
305
307
309
310
317
323
324
326
330
331
331
335
350
352
353
353
355
357
359
362
365
371
372
373
373
374
377
379
382
383
384
390
395
396
400
402
403
411
418
419
419
420
425
428
432
433
436
444
445
446
454
457
457
459
462
463
469
469
475
485
487
489
502
503
506
506
508
509
511
513
525
531
532
532
533
542
546
547
549
550
550
553
554
557
561
562
563
565
570
576
582
593
596
598
606
612
612
613
614
616
617
624
627
636
637
642
642
643
645
647
650
650
655
656
656
661
661
663
665
669
678
679
681
686
690
703
705
706
713
713
715
722
723
731
732
739
739
740
743
745
751
752
753
756
766
767
770
770
774
776
780
783
787
787
790
792
793
794
799
805
807
807
818
827
830
834
834
837
851
852
854
856
858
862
865
866
867
868
877
879
880
881
881
883
887
888
889
913
913
916
918
921
924
924
930
934
937
940
946
953
955
958
958
961
964
975
977
981
986
988
989
992
996
997
