2
4
5
6
8
8
10
12
23
24
24
31
31
32
35
38
45
46
46
47
48
51
52
54
54
57
59
59
59
61
61
62
62
64
65
68
70
71
72
74
74
74
75
75
76
77
80
86
86
87
87
88
88
90
90
92
93
94
98
98
99
103
105
108
109
110
111
112
113
114
114
115
118
118
118
124
127
127
132
135
136
137
138
139
147
149
151
153
156
156
158
160
162
162
162
166
167
172
172
174
174
176
177
183
185
185
186
188
190
192
193
194
196
197
202
204
218
218
219
219
222
229
231
233
234
238
242
246
248
250
253
255
258
260
264
267
267
269
270
271
271
275
276
277
278
278
278
279
279
281
285
288
288
290
291
294
300
305
307
309
310
310
310
317
323
324
326
326
327
328
330
331
331
331
335
341
345
347
350
352
353
353
355
356
357
359
359
362
365
371
372
372
373
373
374
377
377
379
382
382
383
384
390
391
393
394
395
395
396
400
400
402
403
409
411
414
415
417
418
419
419
420
423
425
426
428
432
433
434
435
435
436
439
443
444
445
446
448
453
454
457
457
458
459
461
462
463
466
466
469
469
475
482
485
487
487
489
489
492
493
495
499
502
502
503
506
506
508
509
511
513
515
521
525
526
529
530
531
532
532
533
534
542
546
547
549
549
550
550
553
554
555
556
557
560
561
562
563
563
565
565
570
571
573
576
582
583
585
593
595
596
598
601
606
609
609
611
612
612
613
614
616
617
617
622
622
624
627
627
636
637
642
642
643
644
644
645
647
647
648
650
650
653
653
655
656
656
661
661
663
664
665
665
669
669
670
678
679
681
686
690
691
697
703
705
706
709
713
713
715
722
723
723
727
731
732
733
739
739
740
742
743
743
745
747
751
752
753
754
756
757
758
760
760
761
765
766
767
767
770
770
774
776
780
781
783
787
787
787
790
792
792
793
794
799
803
805
805
807
807
814
818
819
826
826
827
827
830
834
834
835
837
839
839
843
846
851
852
852
853
854
854
855
856
858
858
862
862
862
865
866
867
868
869
873
876
877
877
879
880
881
881
883
885
885
887
888
889
891
898
903
909
913
913
916
918
918
920
921
922
923
924
924
924
924
926
930
931
933
934
937
940
941
945
946
950
952
953
953
955
958
958
961
964
967
968
971
975
977
981
986
988
989
989
990
992
994
996
997
997
