0
1
2
4
5
5
6
9
10
14
17
17
18
18
19
20
22
22
23
25
26
26
26
29
29
34
35
36
36
38
38
39
39
40
41
50
52
54
56
58
59
60
63
63
64
65
66
69
69
76
79
84
87
91
91
94
95
96
96
99
101
102
104
105
105
107
112
113
113
115
116
122
122
124
126
126
127
127
129
134
134
134
136
136
139
141
141
146
146
147
149
150
151
152
152
153
153
156
157
160
162
164
164
166
167
167
169
170
174
176
183
188
188
189
189
192
192
194
194
196
197
198
199
200
201
203
203
205
207
207
208
213
213
213
217
217
218
223
224
225
227
227
227
228
230
231
234
235
239
243
244
244
249
251
251
253
255
258
258
258
261
262
263
264
265
267
268
272
274
275
279
280
281
281
287
287
290
292
293
294
296
296
297
297
298
302
303
303
304
306
308
310
312
312
313
313
314
315
316
316
320
320
321
326
326
327
328
328
331
331
332
334
335
335
336
337
338
338
339
340
340
341
342
343
346
347
350
353
354
360
361
361
362
362
362
363
365
367
368
370
370
376
377
377
378
381
381
385
387
389
389
390
392
396
396
398
398
399
400
400
400
400
401
402
403
405
407
408
411
411
412
413
414
414
415
415
418
420
421
425
428
431
433
434
435
436
437
438
439
442
443
443
445
447
453
453
457
457
458
458
461
462
463
463
464
464
465
465
466
467
468
468
468
468
471
473
477
478
480
480
481
483
483
488
489
493
495
495
496
498
499
499
500
501
503
503
505
514
514
519
519
521
523
524
525
526
528
530
531
532
533
533
537
538
539
541
542
543
544
547
547
548
550
551
551
552
553
557
559
561
561
562
563
564
565
566
569
569
569
573
576
576
579
583
584
588
590
591
594
594
595
596
596
597
598
599
601
604
604
604
610
612
615
615
618
620
622
627
630
631
632
632
633
633
635
638
638
639
642
642
647
649
649
651
652
655
655
658
662
662
663
664
666
668
669
669
670
672
672
675
675
676
677
678
682
682
683
688
689
690
692
692
698
698
699
699
700
701
701
702
702
704
708
711
712
712
713
716
716
716
719
720
721
725
726
726
730
730
733
734
736
738
747
751
753
753
754
756
756
757
757
758
762
763
763
765
765
766
770
772
777
779
781
782
784
789
791
792
793
793
793
795
797
799
800
800
803
805
807
808
808
810
814
814
814
816
816
817
819
823
824
829
829
830
833
836
836
836
840
842
843
847
849
850
850
851
851
852
854
854
855
859
862
862
863
867
868
869
869
869
870
870
872
872
877
878
879
881
883
883
884
885
886
886
889
891
891
892
894
895
896
897
898
899
899
901
902
904
904
905
907
908
911
911
913
913
919
919
920
921
926
929
929
930
930
931
934
936
942
944
949
950
952
952
953
954
958
959
960
960
961
963
968
968
970
972
974
975
975
975
977
979
981
981
982
986
993
995
998
1000
