0
1
4
4
5
18
29
30
47
61
69
75
78
79
82
84
95
96
101
104
113
121
122
127
136
139
140
141
149
154
157
172
193
204
206
212
212
214
216
221
234
244
258
267
270
274
276
278
281
281
282
288
291
291
301
307
319
320
322
323
325
339
351
354
355
356
364
370
385
404
404
405
411
418
418
430
432
448
453
461
470
472
485
503
504
511
517
517
520
544
555
555
561
570
573
580
596
613
645
648
656
657
671
673
678
680
681
684
688
698
699
704
711
722
724
728
743
750
765
767
773
773
783
786
787
792
813
819
820
821
822
829
859
859
869
874
892
895
895
914
918
919
920
922
925
925
936
941
954
956
958
969
981
985
986
989
995
995
996
999
