0
0
1
2
3
4
5
8
8
10
11
11
15
16
18
19
20
21
24
25
25
31
33
36
37
40
40
41
43
45
47
48
49
52
52
52
53
56
57
58
59
60
62
62
66
69
71
73
76
76
77
79
82
86
86
87
87
88
89
89
92
93
94
94
95
105
108
109
110
111
113
115
118
120
122
124
128
133
135
135
138
139
139
140
143
149
153
153
154
160
160
161
161
161
163
164
166
169
171
172
173
177
183
187
187
188
189
190
194
195
198
199
199
200
200
201
202
203
203
204
207
207
207
208
211
211
212
216
216
217
219
220
221
221
221
223
223
225
225
225
228
228
229
229
231
232
233
234
235
235
241
245
247
248
248
249
250
251
252
252
253
255
257
258
258
260
266
266
266
272
275
276
278
279
280
281
282
284
284
289
290
292
292
293
297
298
305
306
309
310
310
313
315
318
321
321
322
323
324
325
326
327
327
327
329
331
339
341
342
343
346
348
350
350
352
352
353
354
356
356
360
361
364
366
367
369
371
375
377
379
385
388
390
392
402
403
405
408
409
409
411
411
412
414
414
415
423
430
431
432
432
433
433
441
441
443
446
448
449
452
458
458
458
458
460
462
462
463
463
463
463
464
466
473
476
477
478
479
482
483
483
485
487
488
489
490
497
497
497
499
500
501
501
504
505
507
511
511
511
511
514
515
516
518
518
519
521
521
524
524
526
527
528
529
530
531
532
541
541
541
544
544
545
545
546
548
549
550
550
550
552
553
553
554
562
563
563
564
565
566
567
569
571
571
574
574
575
577
577
578
578
579
581
583
586
586
586
586
590
593
598
599
599
599
600
603
604
604
606
608
608
609
610
611
612
612
612
613
613
617
617
618
618
618
619
620
621
621
622
622
622
622
625
625
626
626
628
628
629
630
631
633
641
641
642
643
643
643
643
644
645
647
647
647
649
650
651
655
656
657
660
660
662
670
670
671
672
673
673
674
674
677
679
681
687
689
690
691
692
692
695
696
696
698
700
702
706
713
714
715
718
720
721
721
722
722
722
727
728
730
731
733
733
734
734
738
739
741
744
746
748
749
754
755
756
762
763
763
764
765
766
767
767
771
772
772
773
776
776
777
777
777
778
780
781
784
784
786
786
788
790
790
792
793
797
797
798
798
802
803
807
808
808
809
809
810
811
814
814
817
818
819
819
819
820
821
822
827
830
832
832
834
835
835
837
839
840
846
847
849
851
853
856
856
860
861
864
866
867
867
868
872
872
873
875
875
877
877
878
878
880
880
881
882
884
886
887
889
890
892
896
896
897
898
898
899
904
904
908
908
908
908
909
910
911
911
912
913
917
926
926
928
929
930
935
936
937
938
939
942
943
944
946
946
949
952
953
953
954
954
956
956
956
961
963
964
968
969
971
971
972
973
973
973
977
978
978
980
980
982
982
983
984
986
987
987
994
997
999
1000
