0
1
9
16
20
31
33
33
34
37
37
42
43
44
46
46
52
52
53
54
56
60
65
73
75
77
77
78
78
82
86
87
89
91
95
95
98
99
100
102
104
105
109
110
112
113
113
117
122
126
127
128
128
132
134
134
134
138
141
143
148
150
150
154
154
155
155
156
161
169
170
171
176
177
177
179
181
188
189
194
196
208
208
213
214
224
228
229
233
235
239
245
250
261
264
265
266
276
276
282
284
285
285
290
295
296
299
303
303
311
315
316
323
330
333
339
343
344
356
357
359
360
366
369
373
380
380
388
389
391
394
395
396
396
397
401
409
410
412
414
414
417
417
419
422
426
430
430
431
433
433
440
443
446
454
454
460
463
464
474
485
486
488
497
500
500
508
508
508
511
513
531
531
543
545
546
551
552
552
554
555
562
562
563
563
564
578
580
583
586
588
588
589
590
602
605
607
608
610
610
623
623
628
634
635
638
641
641
645
651
652
658
662
663
664
679
681
681
682
682
688
688
692
694
699
700
712
716
718
721
721
722
725
737
746
748
750
753
753
755
755
756
760
761
763
768
768
778
778
781
784
786
788
789
789
789
790
795
798
806
813
813
816
817
818
819
821
824
824
832
842
858
860
862
870
871
871
887
890
891
898
898
900
900
903
905
906
913
917
918
920
922
922
923
924
924
928
929
930
931
931
942
943
946
951
951
952
961
970
970
972
976
984
986
990
991
993
995
997
998
