0
3
6
8
11
12
18
39
66
71
78
78
78
82
89
108
109
115
117
124
125
133
136
137
137
144
146
147
152
157
173
178
178
188
189
205
211
234
242
244
244
248
250
261
271
274
289
292
297
299
309
314
316
327
331
350
358
362
372
393
397
403
411
421
423
428
429
432
435
443
443
463
467
476
485
491
493
494
499
503
508
510
542
546
548
551
553
555
556
571
575
584
596
608
611
612
634
638
644
646
651
651
652
655
655
656
665
666
676
677
682
683
684
685
686
698
703
706
711
712
723
725
725
729
731
751
752
754
768
777
778
780
798
809
828
843
860
866
873
881
883
887
889
896
902
903
914
918
923
927
930
953
954
960
970
971
980
984
998
1000
