2
31
33
50
51
51
54
60
61
67
73
78
85
90
120
122
122
126
135
141
143
144
154
155
155
178
203
204
205
205
207
207
217
226
237
247
251
254
284
291
292
305
309
312
317
323
328
329
344
346
348
351
364
372
385
390
395
421
421
434
458
469
476
477
485
491
493
497
497
499
513
514
514
520
533
538
539
540
544
560
579
580
581
581
587
594
609
616
622
631
633
636
641
643
656
657
657
660
666
685
685
690
705
715
719
720
720
723
723
735
735
747
750
750
752
753
754
758
766
766
767
776
777
785
806
807
808
813
819
830
832
833
838
843
852
855
867
880
881
881
884
885
886
886
888
890
898
915
930
933
942
947
949
959
963
971
976
978
978
994
