2
2
2
7
7
8
9
9
13
16
20
21
25
25
26
29
31
31
33
33
33
34
34
34
36
39
41
42
43
47
49
50
51
51
51
51
51
52
53
54
55
56
59
60
61
64
66
67
70
72
73
73
75
78
85
86
86
90
96
102
103
104
105
107
112
112
114
114
114
115
116
120
120
120
121
121
122
122
123
124
125
126
127
128
129
131
134
134
135
135
136
141
141
143
144
144
144
146
148
149
149
150
152
153
153
154
155
155
157
158
160
163
166
169
173
173
176
177
178
179
184
184
192
192
193
193
195
196
198
198
198
202
203
204
205
205
207
207
210
211
213
214
215
217
220
220
222
223
224
224
226
229
234
236
237
238
244
245
246
247
251
251
252
254
255
255
256
257
260
263
265
269
270
273
274
279
284
284
286
291
292
296
300
304
305
307
308
309
310
312
312
317
319
320
322
323
324
324
324
325
328
329
337
337
339
339
344
346
346
346
347
348
351
351
353
353
354
355
355
356
359
364
365
365
368
369
370
370
370
370
371
372
374
374
377
381
385
385
387
388
390
391
394
394
395
396
396
397
398
399
400
400
401
402
403
405
409
412
415
415
416
417
421
421
421
421
423
424
428
432
434
436
436
438
440
440
441
444
447
448
449
450
452
452
452
453
454
458
469
469
470
476
477
477
484
485
485
487
489
491
492
492
493
493
496
497
497
499
504
506
506
506
511
512
513
513
514
514
516
518
518
520
521
527
533
538
539
540
540
541
542
543
543
543
544
544
547
548
548
549
549
550
553
554
557
560
566
571
572
572
572
576
578
579
580
580
581
581
583
583
587
589
592
592
593
593
594
594
594
596
600
600
601
602
602
603
603
605
605
606
609
609
614
616
616
619
620
622
623
624
624
625
631
631
632
633
634
636
641
641
643
643
645
650
650
651
652
653
656
656
657
657
657
659
660
661
664
666
666
667
670
672
672
673
674
677
680
684
684
685
685
685
689
690
691
691
693
694
697
698
699
700
701
702
705
705
707
709
715
718
719
719
720
720
723
723
726
728
728
729
729
732
732
734
735
735
735
741
741
745
747
748
749
750
750
751
751
752
753
754
756
758
761
765
766
766
766
767
770
772
772
774
775
776
776
777
777
777
780
780
781
783
783
785
786
787
790
792
792
795
798
802
806
807
808
812
813
815
819
820
820
825
826
827
827
828
830
832
832
833
833
833
833
833
835
836
838
838
838
840
841
842
843
845
852
853
853
854
855
856
858
858
862
863
866
867
872
873
873
880
880
881
881
883
884
885
885
886
886
886
887
887
888
890
890
890
897
898
900
903
903
904
905
906
906
907
909
910
911
915
915
915
919
923
925
930
931
933
934
937
937
939
942
947
947
947
948
948
949
950
951
952
952
959
959
960
961
963
963
968
970
970
971
971
971
976
977
977
978
978
978
980
982
983
983
988
990
992
993
994
