9
20
31
33
34
37
37
44
46
54
60
78
86
91
95
98
99
102
104
105
109
122
126
128
141
150
154
155
156
161
169
171
177
177
179
181
188
194
213
228
229
233
250
265
266
276
290
299
303
343
344
356
357
369
373
380
388
389
394
395
397
401
410
412
414
417
419
422
430
430
431
433
440
446
454
474
485
488
500
508
508
511
531
531
543
545
552
562
562
563
578
583
586
589
605
608
623
623
634
635
652
658
662
663
664
681
682
716
721
721
722
725
746
748
750
755
756
761
768
768
778
778
784
788
789
789
790
798
813
817
818
821
824
824
842
858
862
871
887
890
891
898
898
900
913
917
918
922
922
924
930
931
931
961
970
970
972
976
991
993
