0
1
16
33
42
43
46
52
52
53
56
65
73
75
77
77
78
82
87
89
95
100
110
112
113
113
117
127
128
132
134
134
134
138
143
148
150
154
155
170
176
189
196
208
208
214
224
235
239
245
261
264
276
282
284
285
285
295
296
303
311
315
316
323
330
333
339
359
360
366
380
391
396
396
409
414
417
426
433
443
454
460
463
464
486
497
500
508
513
546
551
552
554
555
563
564
580
588
588
590
602
607
610
610
628
638
641
641
645
651
679
681
682
688
688
692
694
699
700
712
718
737
753
753
755
760
763
781
786
789
795
806
813
816
819
832
860
870
871
900
903
905
906
920
923
924
928
929
942
943
946
951
951
952
984
986
990
995
997
998
