7
9
20
31
33
34
39
41
51
52
55
56
72
86
86
102
103
121
124
127
134
134
135
136
146
148
149
152
153
163
177
184
184
192
193
198
202
223
224
224
229
255
256
257
263
270
279
284
286
308
312
320
324
324
337
339
351
353
355
356
370
370
374
374
377
387
388
394
394
396
398
400
405
416
417
424
447
470
504
506
518
543
543
548
550
571
572
576
578
583
589
592
593
594
596
600
602
605
616
623
650
651
656
659
672
685
691
697
699
700
701
705
709
728
735
741
749
756
765
770
772
774
780
780
783
786
790
795
798
802
820
820
825
827
828
833
833
836
838
841
845
853
858
873
885
905
909
915
919
934
937
939
952
959
960
963
978
980
988
993
