3
14
18
18
35
42
42
43
51
60
69
79
82
82
93
95
112
113
116
123
125
137
144
151
164
180
182
204
208
227
232
232
233
235
252
255
267
270
273
278
296
296
311
336
336
354
358
361
373
374
376
377
378
389
398
402
411
414
416
418
429
434
435
439
441
441
442
451
454
455
460
470
472
484
487
487
491
494
500
515
518
536
541
542
559
562
565
570
574
575
591
592
592
592
592
612
613
622
626
628
634
643
644
653
653
657
663
666
670
670
679
680
692
692
710
715
720
722
725
754
764
779
780
781
784
803
803
806
812
822
825
831
835
843
843
850
852
860
867
883
889
904
909
916
922
923
924
924
929
930
931
936
951
969
970
975
977
979
979
981
