1
14
14
35
40
52
66
85
89
90
100
103
106
111
120
121
129
130
132
133
144
148
169
172
177
180
182
186
193
195
197
200
215
216
231
244
246
250
254
255
266
277
282
285
289
291
295
297
304
304
315
316
320
337
346
352
358
360
386
386
389
393
394
396
396
398
398
400
427
433
447
447
448
452
453
460
463
472
476
477
477
482
491
494
501
502
513
515
517
520
523
527
547
560
562
563
577
584
586
612
623
632
633
637
660
662
663
664
676
689
690
694
695
704
716
724
737
742
746
747
774
776
789
792
796
799
805
805
808
809
813
825
829
833
840
840
850
853
860
863
878
889
894
894
900
902
906
908
910
922
939
942
943
952
956
960
968
986
988
998
