1
6
10
17
18
18
19
20
22
26
29
29
34
38
56
58
60
63
64
65
76
79
84
91
94
95
96
99
102
104
105
105
107
122
122
127
127
134
136
136
141
146
149
151
152
153
156
160
164
166
170
174
188
189
192
194
196
197
199
200
201
203
205
218
223
224
225
227
228
231
244
251
258
258
261
262
263
264
265
267
272
275
281
287
290
293
296
296
297
298
304
306
308
315
316
316
320
320
328
331
334
336
337
340
341
342
350
360
361
362
362
363
370
370
378
387
389
389
390
392
396
396
398
400
403
405
407
411
414
415
415
425
428
431
436
439
442
453
457
458
461
463
465
468
468
471
478
480
483
495
495
496
505
514
519
519
521
523
525
526
531
533
537
538
543
547
550
551
551
552
557
559
561
562
563
566
569
576
579
583
588
590
594
595
598
601
604
604
610
612
615
618
622
630
638
638
639
642
642
652
655
664
668
669
669
672
676
677
678
682
682
688
689
698
699
699
701
701
702
702
704
711
712
713
716
716
720
725
730
730
733
734
736
756
762
763
765
765
766
770
779
781
782
789
791
793
793
800
805
808
810
814
817
819
823
833
836
836
843
849
850
850
852
855
859
862
862
863
868
869
869
869
870
870
872
877
878
879
883
884
886
886
891
891
892
895
899
902
904
908
913
919
921
926
929
930
930
931
934
942
944
952
952
953
958
960
961
968
970
974
975
975
977
979
981
981
982
986
995
1000
