2
2
2
2
4
5
6
7
7
8
8
8
9
9
10
12
13
16
20
21
23
24
24
25
25
26
29
31
31
31
31
32
33
33
33
34
34
34
35
36
38
39
41
42
43
45
46
46
47
47
48
49
50
51
51
51
51
51
51
52
52
53
54
54
54
55
56
57
59
59
59
59
60
61
61
61
62
62
64
64
65
66
67
68
70
70
71
72
72
73
73
74
74
74
75
75
75
76
77
78
80
85
86
86
86
86
87
87
88
88
90
90
90
92
93
94
96
98
98
99
102
103
103
104
105
105
107
108
109
110
111
112
112
112
113
114
114
114
114
114
115
115
116
118
118
118
120
120
120
121
121
122
122
123
124
124
125
126
127
127
127
128
129
131
132
134
134
135
135
135
136
136
137
138
139
141
141
143
144
144
144
146
147
148
149
149
149
150
151
152
153
153
153
154
155
155
156
156
157
158
158
160
160
162
162
162
163
166
166
167
169
172
172
173
173
174
174
176
176
177
177
178
179
183
184
184
185
185
186
188
190
192
192
192
193
193
193
194
195
196
196
197
198
198
198
202
202
203
204
204
205
205
207
207
210
211
213
214
215
217
218
218
219
219
220
220
222
222
223
224
224
226
229
229
231
233
234
234
236
237
238
238
242
244
245
246
246
247
248
250
251
251
252
253
254
255
255
255
256
257
258
260
260
263
264
265
267
267
269
269
270
270
271
271
273
274
275
276
277
278
278
278
279
279
279
281
284
284
285
286
288
288
290
291
291
292
294
296
300
300
304
305
305
307
307
308
309
309
310
310
310
310
312
312
317
317
319
320
322
323
323
324
324
324
324
325
326
326
327
328
328
329
330
331
331
331
335
337
337
339
339
341
344
345
346
346
346
347
347
348
350
351
351
352
353
353
353
353
354
355
355
355
356
356
357
359
359
359
362
364
365
365
365
368
369
370
370
370
370
371
371
372
372
372
373
373
374
374
374
377
377
377
379
381
382
382
383
384
385
385
387
388
390
390
391
391
393
394
394
394
395
395
395
396
396
396
397
398
399
400
400
400
400
401
402
402
403
403
405
409
409
411
412
414
415
415
415
416
417
417
418
419
419
420
421
421
421
421
423
423
424
425
426
428
428
432
432
433
434
434
435
435
436
436
436
438
439
440
440
441
443
444
444
445
446
447
448
448
449
450
452
452
452
453
453
454
454
457
457
458
458
459
461
462
463
466
466
469
469
469
469
470
475
476
477
477
482
484
485
485
485
487
487
487
489
489
489
491
492
492
492
493
493
493
495
496
497
497
499
499
502
502
503
504
506
506
506
506
506
508
509
511
511
512
513
513
513
514
514
515
516
518
518
520
521
521
525
526
527
529
530
531
532
532
533
533
534
538
539
540
540
541
542
542
543
543
543
544
544
546
547
547
548
548
549
549
549
549
550
550
550
553
553
554
554
555
556
557
557
560
560
561
562
563
563
565
565
566
570
571
571
572
572
572
573
576
576
578
579
580
580
581
581
582
583
583
583
585
587
589
592
592
593
593
593
594
594
594
595
596
596
598
600
600
601
601
602
602
603
603
605
605
606
606
609
609
609
609
611
612
612
613
614
614
616
616
616
617
617
619
620
622
622
622
623
624
624
624
625
627
627
631
631
632
633
634
636
636
637
641
641
642
642
643
643
643
644
644
645
645
647
647
648
650
650
650
650
651
652
653
653
653
655
656
656
656
656
657
657
657
659
660
661
661
661
663
664
664
665
665
666
666
667
669
669
670
670
672
672
673
674
677
678
679
680
681
684
684
685
685
685
686
689
690
690
691
691
691
693
694
697
697
698
699
700
701
702
703
705
705
705
706
707
709
709
713
713
715
715
718
719
719
720
720
722
723
723
723
723
726
727
728
728
729
729
731
732
732
732
733
734
735
735
735
739
739
740
741
741
742
743
743
745
745
747
747
748
749
750
750
751
751
751
752
752
753
753
754
754
756
756
757
758
758
760
760
761
761
765
765
766
766
766
766
767
767
767
770
770
770
772
772
774
774
775
776
776
776
777
777
777
780
780
780
781
781
783
783
783
785
786
787
787
787
787
790
790
792
792
792
792
793
794
795
798
799
802
803
805
805
806
807
807
807
808
812
813
814
815
818
819
819
820
820
825
826
826
826
827
827
827
827
828
830
830
832
832
833
833
833
833
833
834
834
835
835
836
837
838
838
838
839
839
840
841
842
843
843
845
846
851
852
852
852
853
853
853
854
854
854
855
855
856
856
858
858
858
858
862
862
862
862
863
865
866
866
867
867
868
869
872
873
873
873
876
877
877
879
880
880
880
881
881
881
881
883
883
884
885
885
885
885
886
886
886
887
887
887
888
888
889
890
890
890
891
897
898
898
900
903
903
903
904
905
906
906
907
909
909
910
911
913
913
915
915
915
916
918
918
919
920
921
922
923
923
924
924
924
924
925
926
930
930
931
931
933
933
934
934
937
937
937
939
940
941
942
945
946
947
947
947
948
948
949
950
950
951
952
952
952
953
953
955
958
958
959
959
960
961
961
963
963
964
967
968
968
970
970
971
971
971
971
975
976
977
977
977
978
978
978
980
981
982
983
983
986
988
988
989
989
990
990
992
992
993
994
994
996
997
997
