10
17
18
18
19
20
22
29
29
34
38
58
60
63
64
65
76
91
95
96
99
105
107
134
136
160
166
174
200
201
218
227
251
258
258
263
267
272
275
296
296
316
320
334
341
342
350
361
387
389
392
396
398
400
403
407
411
425
431
436
439
442
457
458
461
468
468
483
495
514
519
519
521
523
526
547
550
551
551
552
569
579
583
588
595
598
610
622
638
638
642
655
664
672
676
677
682
688
689
699
699
701
702
711
712
713
716
716
725
730
756
762
766
770
781
793
814
817
819
836
836
849
850
850
852
862
862
863
868
869
869
870
870
878
883
884
886
891
891
892
895
902
904
908
913
926
929
930
930
931
952
958
961
975
977
979
981
982
995
1000
