1
5
21
58
76
77
82
86
86
87
89
89
108
111
122
153
161
163
166
169
201
207
207
211
216
217
221
221
223
228
235
247
251
252
266
284
306
321
323
348
350
350
352
364
366
375
377
390
415
423
431
432
446
449
462
463
463
476
482
485
505
507
515
521
524
531
541
541
548
553
554
562
567
571
574
577
577
578
579
598
599
599
600
604
606
608
612
612
617
619
622
626
626
643
645
647
657
660
660
672
674
677
679
689
700
702
713
720
722
733
733
749
755
764
767
776
776
777
777
780
784
786
797
808
818
819
819
820
827
830
832
837
851
861
872
880
884
896
897
904
908
908
909
910
926
928
942
954
954
956
956
968
972
973
973
982
983
987
997
1000
