1
6
26
56
79
84
94
102
104
105
122
122
127
127
136
141
146
149
151
152
153
156
164
170
188
189
192
194
196
197
199
203
205
223
224
225
228
231
244
261
262
264
265
281
287
290
293
297
298
304
306
308
315
316
320
328
331
336
337
340
360
362
362
363
370
370
378
389
390
396
405
414
415
415
428
453
463
465
471
478
480
495
496
505
525
531
533
537
538
543
557
559
561
562
563
566
576
590
594
601
604
604
612
615
618
630
639
642
652
668
669
669
678
682
698
701
702
704
720
730
733
734
736
763
765
765
779
782
789
791
793
800
805
808
810
823
833
843
855
859
869
872
877
879
886
899
919
921
934
942
944
952
953
960
968
970
974
975
981
986
