0
0
1
1
2
3
4
4
6
6
8
8
9
11
11
12
13
15
18
18
26
32
32
33
33
35
37
39
41
44
45
47
48
50
51
61
66
67
70
71
72
77
78
78
78
80
80
82
89
89
93
94
98
99
101
103
108
108
108
109
109
111
112
113
114
115
116
117
121
121
122
123
123
124
125
127
129
129
132
133
134
134
136
136
137
137
138
140
143
144
146
146
147
147
147
147
148
151
151
152
152
153
154
156
157
158
159
160
162
162
163
167
167
169
171
173
176
178
178
178
181
187
187
187
188
189
189
194
195
196
199
199
200
201
205
206
206
207
209
210
211
215
216
218
219
226
228
230
231
233
234
235
236
239
240
241
241
242
242
243
244
244
245
246
246
248
250
254
258
260
260
261
262
264
266
268
269
271
272
274
275
276
277
280
281
283
284
285
289
289
289
290
291
291
292
297
298
299
301
304
307
307
309
310
312
312
312
313
314
316
316
318
322
324
325
327
331
332
334
335
340
347
350
352
355
356
356
357
358
359
361
361
362
363
364
367
372
372
377
381
381
381
382
384
387
391
392
393
394
396
397
398
401
401
403
404
409
410
411
411
411
413
415
417
421
423
425
428
428
428
429
429
432
432
435
436
439
443
443
444
444
450
450
452
454
454
455
456
458
459
460
461
463
464
467
471
472
474
475
476
476
478
484
484
485
486
486
490
490
490
491
492
493
493
494
494
499
499
500
503
508
508
510
515
522
523
524
528
531
535
537
538
542
542
545
546
548
549
550
551
551
553
554
554
554
555
556
562
563
564
565
570
571
572
575
578
578
581
583
584
588
589
590
591
591
594
594
596
602
603
605
606
607
608
610
611
612
620
624
626
627
629
630
634
634
637
638
640
640
641
643
644
644
646
647
651
651
651
652
654
654
655
655
656
656
657
658
661
663
664
665
666
668
668
669
674
676
677
679
682
682
683
684
684
684
685
685
686
686
687
689
690
691
693
698
701
703
703
703
706
706
711
711
712
717
719
719
721
722
723
723
725
725
725
725
726
727
727
728
729
729
731
731
732
733
734
734
736
736
738
740
740
740
742
742
750
750
751
751
752
752
754
754
760
762
767
768
769
769
774
777
778
778
779
779
780
783
783
784
785
785
785
785
786
786
791
798
798
803
804
808
809
811
812
812
814
816
818
820
828
828
832
833
833
834
842
842
842
843
844
845
849
850
851
852
855
858
860
861
862
863
864
866
866
869
873
873
873
874
876
880
881
882
883
885
886
887
889
889
891
896
896
898
900
901
902
903
903
903
905
906
908
910
912
913
914
917
917
917
918
918
918
918
918
918
921
922
923
927
928
929
930
930
930
931
931
932
934
934
935
938
939
941
942
944
945
949
950
953
954
955
956
960
960
962
963
964
969
970
971
971
971
971
972
972
972
972
973
977
980
982
984
991
992
996
996
997
998
998
1000
