9
14
18
20
43
52
63
71
82
103
106
113
123
125
129
136
139
144
147
150
156
157
168
169
170
175
184
187
192
193
209
212
225
252
253
256
281
292
293
298
311
333
335
347
349
351
369
376
392
400
409
428
440
446
459
466
486
486
493
499
500
504
506
519
529
533
535
537
538
540
547
551
561
567
571
579
580
582
584
590
607
619
621
626
626
627
627
629
635
640
648
655
658
663
665
665
670
676
676
677
683
687
695
697
716
733
737
743
748
754
769
769
773
776
777
780
782
783
784
785
786
792
793
805
805
806
806
809
812
815
818
825
833
836
839
852
855
863
876
879
879
881
885
885
886
892
903
906
907
908
924
936
946
952
960
963
969
976
989
995
