2
4
10
11
11
20
25
40
41
52
53
62
71
87
88
105
109
110
113
115
128
139
143
160
161
171
199
200
204
207
208
212
216
220
221
223
225
225
229
248
250
252
258
266
280
292
305
309
313
315
318
321
324
327
329
346
353
356
356
360
388
405
408
409
409
412
443
448
458
458
460
473
487
500
501
511
511
511
516
518
519
521
526
528
532
541
544
545
545
549
550
563
564
574
575
581
593
609
612
613
618
621
628
630
633
641
649
650
656
674
687
691
722
730
731
734
744
748
754
762
765
766
772
772
778
786
788
790
792
802
803
814
819
822
832
834
835
839
849
856
872
875
886
887
889
890
896
899
908
908
911
930
935
938
939
946
953
971
984
987
