5
20
36
38
39
41
44
57
61
61
68
70
71
75
80
87
100
102
115
116
116
124
127
129
135
139
142
156
156
164
178
184
184
193
211
213
226
228
233
235
242
249
262
271
284
293
296
296
298
312
325
331
331
331
339
342
350
356
357
358
364
369
376
383
387
395
403
412
412
416
416
418
419
427
438
458
461
469
470
476
478
478
484
504
505
515
519
535
540
546
549
555
566
567
570
572
583
584
587
591
598
602
611
613
630
635
636
640
646
662
664
666
670
677
679
683
687
690
693
700
727
728
728
730
731
740
765
766
769
777
782
795
797
811
812
826
834
846
848
857
859
869
876
887
889
890
891
893
915
928
935
945
949
952
973
978
982
995
995
995
