2
16
21
25
29
36
42
49
51
51
53
59
64
66
73
75
96
105
107
112
114
123
125
128
144
150
153
158
169
173
173
196
198
211
213
214
215
220
220
236
244
255
260
265
273
310
322
337
347
355
369
370
385
396
397
399
402
403
415
421
421
423
428
432
436
438
441
444
449
450
454
477
484
487
492
493
506
512
513
516
521
527
542
544
549
553
554
557
566
572
572
580
592
600
602
603
606
619
620
624
624
625
632
634
645
650
652
666
667
670
677
684
694
702
707
719
728
729
734
741
745
748
751
761
766
775
776
777
777
783
787
792
812
826
838
840
858
863
866
873
883
890
897
900
903
903
904
906
907
910
923
947
951
961
970
971
977
982
983
990
