0
1
1
3
4
4
4
5
7
8
14
14
14
18
18
18
25
26
29
30
33
35
35
37
39
40
42
42
43
47
51
52
60
61
63
63
66
68
69
69
69
70
71
75
78
79
79
82
82
82
84
85
89
90
93
95
95
96
97
100
101
102
103
104
106
106
111
112
112
112
113
113
116
120
121
121
121
122
123
125
127
129
130
132
133
136
137
139
140
141
144
144
148
149
149
151
154
156
157
164
169
170
172
172
172
177
180
180
181
182
182
186
186
188
193
193
193
194
195
197
200
203
204
204
206
208
212
212
214
214
215
216
216
218
219
221
227
227
231
232
232
233
234
235
244
244
245
246
250
252
254
255
255
255
258
266
266
267
267
270
270
273
273
274
276
277
278
278
281
281
282
282
285
288
289
290
291
291
291
295
296
296
297
301
304
304
307
311
312
312
315
316
319
320
320
321
322
322
323
325
327
334
336
336
337
339
342
343
345
345
346
351
351
352
354
354
355
356
358
358
360
361
364
364
370
373
374
375
376
377
377
378
385
386
386
389
389
393
394
394
396
396
398
398
398
400
402
404
404
405
405
407
411
411
413
414
416
417
418
418
418
425
427
429
430
432
433
434
434
435
436
439
441
441
442
447
447
448
448
451
452
453
453
453
454
455
460
460
461
463
470
470
472
472
472
473
475
476
477
477
481
482
484
484
485
487
487
489
491
491
494
494
495
499
500
500
500
501
502
502
503
504
511
513
515
515
517
517
517
517
518
518
520
520
523
525
527
527
528
530
533
533
533
536
538
538
540
541
542
543
544
547
550
555
555
556
559
560
561
562
562
563
563
565
565
570
570
570
571
573
574
574
575
577
579
580
584
586
590
591
592
592
592
592
596
601
604
606
611
612
612
613
613
615
617
620
622
622
623
626
627
627
628
632
633
634
637
643
643
644
645
645
647
648
653
653
655
656
657
657
660
662
663
663
664
664
666
667
670
670
671
673
676
678
679
680
680
681
684
688
689
690
691
692
692
694
695
695
698
699
699
700
704
704
710
710
711
715
716
720
722
722
724
724
725
728
736
736
737
737
739
742
743
746
747
750
754
756
764
765
767
768
770
773
773
774
776
779
780
781
783
784
786
787
789
792
792
796
799
803
803
805
805
806
806
808
809
811
812
813
813
819
820
821
822
822
825
825
829
829
831
832
833
835
835
839
840
840
842
843
843
843
844
845
846
849
850
850
852
853
855
859
859
860
860
863
865
867
867
868
869
874
876
877
877
878
883
885
888
889
889
892
893
894
894
895
895
900
902
904
906
908
909
910
911
911
914
915
916
916
918
919
920
922
922
922
923
924
924
925
925
929
930
930
930
931
932
934
934
936
936
939
941
942
943
944
951
952
952
954
955
956
956
958
958
960
960
965
968
969
969
970
975
977
978
979
979
981
981
985
986
986
988
989
992
995
995
996
998
999
