10
15
27
32
44
47
49
57
57
69
71
87
104
110
114
118
127
149
154
154
161
167
168
200
202
208
216
218
218
253
265
271
284
288
305
313
317
318
325
326
329
331
340
342
343
346
351
360
362
369
385
392
394
397
401
405
407
408
410
430
440
444
447
447
452
458
459
460
464
468
486
488
492
497
502
507
509
514
521
528
535
543
544
545
545
548
553
554
554
571
573
577
581
582
583
606
606
608
613
622
625
658
670
675
678
680
683
687
689
711
722
723
733
748
754
761
763
774
779
780
790
790
791
802
803
808
813
817
818
823
828
833
836
842
858
858
863
868
876
877
878
881
895
905
906
907
919
927
951
956
960
967
970
972
973
975
982
988
989
999
