2
9
18
18
33
41
52
54
60
65
66
67
75
81
90
95
98
112
114
119
119
122
123
124
130
145
147
148
149
155
157
159
161
178
185
188
193
193
211
212
216
218
218
229
230
240
248
252
256
266
273
274
289
293
295
298
301
302
302
303
303
306
309
310
310
312
325
328
332
340
346
360
361
364
373
407
408
408
427
434
437
454
458
460
472
479
483
489
500
513
517
520
520
530
539
545
553
555
555
556
563
564
565
569
582
587
589
603
606
621
625
627
628
630
639
661
674
677
679
684
688
689
693
701
708
734
737
741
744
756
761
767
789
801
804
806
810
819
841
856
869
871
873
882
896
905
913
919
921
926
937
940
946
950
951
955
956
959
960
983
