0
1
9
9
10
14
15
16
18
20
20
27
31
32
33
33
34
37
37
42
43
43
44
44
46
46
47
49
52
52
52
53
54
56
57
57
60
63
65
69
71
71
73
75
77
77
78
78
82
82
86
87
87
89
91
95
95
98
99
100
102
103
104
104
105
106
109
110
110
112
113
113
113
114
117
118
122
123
125
126
127
127
128
128
129
132
134
134
134
136
138
139
141
143
144
147
148
149
150
150
150
154
154
154
154
155
155
156
156
157
161
161
167
168
168
169
169
170
170
171
175
176
177
177
179
181
184
187
188
189
192
193
194
196
200
202
208
208
208
209
212
213
214
216
218
218
224
225
228
229
233
235
239
245
250
252
253
253
256
261
264
265
265
266
271
276
276
281
282
284
284
285
285
288
290
292
293
295
296
298
299
303
303
305
311
311
313
315
316
317
318
323
325
326
329
330
331
333
333
335
339
340
342
343
343
344
346
347
349
351
351
356
357
359
360
360
362
366
369
369
369
373
376
380
380
385
388
389
391
392
392
394
394
395
396
396
397
397
400
401
401
405
407
408
409
409
410
410
412
414
414
417
417
419
422
426
428
430
430
430
431
433
433
440
440
440
443
444
446
446
447
447
452
454
454
458
459
459
460
460
463
464
464
466
468
474
485
486
486
486
486
488
488
492
493
497
497
499
500
500
500
502
504
506
507
508
508
508
509
511
513
514
519
521
528
529
531
531
533
535
535
537
538
540
543
543
544
545
545
545
546
547
548
551
551
552
552
553
554
554
554
555
561
562
562
563
563
564
567
571
571
573
577
578
579
580
580
581
582
582
583
583
584
586
588
588
589
590
590
602
605
606
606
607
607
608
608
610
610
613
619
621
622
623
623
625
626
626
627
627
628
629
634
635
635
638
640
641
641
645
648
651
652
655
658
658
658
662
663
663
664
665
665
670
670
675
676
676
677
678
679
680
681
681
682
682
683
683
687
687
688
688
689
692
694
695
697
699
700
711
712
716
716
718
721
721
722
722
723
725
733
733
737
737
743
746
748
748
748
750
753
753
754
754
755
755
756
760
761
761
763
763
768
768
769
769
773
774
776
777
778
778
779
780
780
781
782
783
784
784
785
786
786
788
789
789
789
790
790
790
791
792
793
795
798
802
803
805
805
806
806
806
808
809
812
813
813
813
815
816
817
817
818
818
818
819
821
823
824
824
825
828
832
833
833
836
836
839
842
842
852
855
858
858
858
860
862
863
863
868
870
871
871
876
876
877
878
879
879
881
881
885
885
886
887
890
891
892
895
898
898
900
900
903
903
905
905
906
906
906
907
907
908
913
917
918
919
920
922
922
923
924
924
924
927
928
929
930
931
931
936
942
943
946
946
951
951
951
952
952
956
960
960
961
963
967
969
970
970
970
972
972
973
975
976
976
982
984
986
988
989
989
990
991
993
995
995
997
998
999
