0
0
1
1
2
4
5
5
6
9
9
9
10
10
14
14
15
16
17
17
18
18
18
19
20
20
20
22
22
23
25
26
26
26
27
29
29
31
32
33
33
34
34
35
36
36
37
37
38
38
39
39
40
41
42
43
43
44
44
46
46
47
49
50
52
52
52
52
53
54
54
56
56
57
57
58
59
60
60
63
63
63
64
65
65
66
69
69
69
71
71
73
75
76
77
77
78
78
79
82
82
84
86
87
87
87
89
91
91
91
94
95
95
95
96
96
98
99
99
100
101
102
102
103
104
104
104
105
105
105
106
107
109
110
110
112
112
113
113
113
113
113
114
115
116
117
118
122
122
122
123
124
125
126
126
126
127
127
127
127
128
128
129
129
132
134
134
134
134
134
134
136
136
136
138
139
139
141
141
141
143
144
146
146
147
147
148
149
149
150
150
150
150
151
152
152
153
153
154
154
154
154
155
155
156
156
156
157
157
160
161
161
162
164
164
166
167
167
167
168
168
169
169
169
170
170
170
171
174
175
176
176
177
177
179
181
183
184
187
188
188
188
189
189
189
192
192
192
193
194
194
194
196
196
197
198
199
200
200
201
202
203
203
205
207
207
208
208
208
208
209
212
213
213
213
213
214
216
217
217
218
218
218
223
224
224
225
225
227
227
227
228
228
229
230
231
233
234
235
235
239
239
243
244
244
245
249
250
251
251
252
253
253
253
255
256
258
258
258
261
261
262
263
264
264
265
265
265
266
267
268
271
272
274
275
276
276
279
280
281
281
281
282
284
284
285
285
287
287
288
290
290
292
292
293
293
294
295
296
296
296
297
297
298
298
299
302
303
303
303
303
304
305
306
308
310
311
311
312
312
313
313
313
314
315
315
316
316
316
317
318
320
320
321
323
325
326
326
326
327
328
328
329
330
331
331
331
332
333
333
334
335
335
335
336
337
338
338
339
339
340
340
340
341
342
342
343
343
343
344
346
346
347
347
349
350
351
351
353
354
356
357
359
360
360
360
361
361
362
362
362
362
363
365
366
367
368
369
369
369
370
370
373
376
376
377
377
378
380
380
381
381
385
385
387
388
389
389
389
390
391
392
392
392
394
394
395
396
396
396
396
397
397
398
398
399
400
400
400
400
400
401
401
401
402
403
405
405
407
407
408
408
409
409
410
410
411
411
412
412
413
414
414
414
414
415
415
417
417
418
419
420
421
422
425
426
428
428
430
430
430
431
431
433
433
433
434
435
436
437
438
439
440
440
440
442
443
443
443
444
445
446
446
447
447
447
452
453
453
454
454
457
457
458
458
458
459
459
460
460
461
462
463
463
463
464
464
464
464
465
465
466
466
467
468
468
468
468
468
471
473
474
477
478
480
480
481
483
483
485
486
486
486
486
488
488
488
489
492
493
493
495
495
496
497
497
498
499
499
499
500
500
500
500
501
502
503
503
504
505
506
507
508
508
508
509
511
513
514
514
514
519
519
519
521
521
523
524
525
526
528
528
529
530
531
531
531
532
533
533
533
535
535
537
537
538
538
539
540
541
542
543
543
543
544
544
545
545
545
546
547
547
547
548
548
550
551
551
551
551
552
552
552
553
553
554
554
554
555
557
559
561
561
561
562
562
562
563
563
563
564
564
565
566
567
569
569
569
571
571
573
573
576
576
577
578
579
579
580
580
581
582
582
583
583
583
584
584
586
588
588
588
589
590
590
590
591
594
594
595
596
596
597
598
599
601
602
604
604
604
605
606
606
607
607
608
608
610
610
610
612
613
615
615
618
619
620
621
622
622
623
623
625
626
626
627
627
627
628
629
630
631
632
632
633
633
634
635
635
635
638
638
638
639
640
641
641
642
642
645
647
648
649
649
651
651
652
652
655
655
655
658
658
658
658
662
662
662
663
663
663
664
664
665
665
666
668
669
669
670
670
670
672
672
675
675
675
676
676
676
677
677
678
678
679
680
681
681
682
682
682
682
683
683
683
687
687
688
688
688
689
689
690
692
692
692
694
695
697
698
698
699
699
699
700
700
701
701
702
702
704
708
711
711
712
712
712
713
716
716
716
716
716
718
719
720
721
721
721
722
722
723
725
725
726
726
730
730
733
733
733
734
736
737
737
738
743
746
747
748
748
748
750
751
753
753
753
753
754
754
754
755
755
756
756
756
757
757
758
760
761
761
762
763
763
763
763
765
765
766
768
768
769
769
770
772
773
774
776
777
777
778
778
779
779
780
780
781
781
782
782
783
784
784
784
785
786
786
788
789
789
789
789
790
790
790
791
791
792
792
793
793
793
793
795
795
797
798
799
800
800
802
803
803
805
805
805
806
806
806
807
808
808
808
809
810
812
813
813
813
814
814
814
815
816
816
816
817
817
817
818
818
818
819
819
821
823
823
824
824
824
825
828
829
829
830
832
833
833
833
836
836
836
836
836
839
840
842
842
842
843
847
849
850
850
851
851
852
852
854
854
855
855
858
858
858
859
860
862
862
862
863
863
863
867
868
868
869
869
869
870
870
870
871
871
872
872
876
876
877
877
878
878
879
879
879
881
881
881
883
883
884
885
885
885
886
886
886
887
889
890
891
891
891
892
892
894
895
895
896
897
898
898
898
899
899
900
900
901
902
903
903
904
904
905
905
905
906
906
906
907
907
907
908
908
911
911
913
913
913
917
918
919
919
919
920
920
921
922
922
923
924
924
924
926
927
928
929
929
929
930
930
930
931
931
931
934
936
936
942
942
943
944
946
946
949
950
951
951
951
952
952
952
952
953
954
956
958
959
960
960
960
960
961
961
963
963
967
968
968
969
970
970
970
970
972
972
972
973
974
975
975
975
975
976
976
977
979
981
981
982
982
984
986
986
988
989
989
990
991
993
993
995
995
995
997
998
998
999
1000
