0
0
5
6
9
9
15
18
18
18
20
21
21
25
26
36
38
39
39
41
42
44
44
45
45
48
57
60
61
61
62
68
70
71
75
79
80
81
84
87
100
102
110
110
115
116
116
124
127
129
134
135
135
139
142
142
149
156
156
156
164
169
171
175
177
178
178
180
184
184
192
193
198
201
208
211
213
219
226
228
230
233
233
233
233
235
242
249
262
271
271
278
284
288
292
293
296
296
296
298
301
312
315
316
321
325
331
331
331
335
339
342
350
354
356
357
358
363
364
364
366
369
369
371
376
377
383
386
387
389
393
395
403
403
412
412
416
416
418
418
419
420
423
426
427
431
438
456
458
461
464
469
470
472
476
477
478
478
484
489
491
498
504
505
515
515
519
521
535
537
540
546
549
555
555
566
566
567
570
570
571
571
572
574
574
583
584
584
587
587
590
591
598
602
602
606
609
611
613
621
627
630
632
635
636
638
640
640
642
646
647
653
656
662
662
664
666
670
671
677
679
679
681
683
686
687
689
690
692
693
697
700
703
707
711
723
723
727
728
728
730
731
740
743
750
754
765
766
767
767
769
777
781
782
782
783
789
790
793
795
797
797
811
812
813
826
833
834
838
838
840
840
846
848
850
854
855
857
859
862
864
869
873
875
876
882
884
887
889
890
891
893
895
900
912
915
928
935
935
935
940
945
945
949
952
952
955
958
962
973
976
978
982
984
991
992
995
995
995
998
