2
2
7
8
9
13
16
21
25
25
26
29
33
34
34
36
42
43
47
49
51
51
53
59
64
66
70
73
75
96
104
105
107
112
112
114
114
114
115
116
120
120
121
123
125
128
129
131
141
144
144
149
150
153
157
158
160
166
169
173
173
176
179
192
193
195
196
198
198
210
211
213
214
215
220
220
222
234
236
238
244
245
246
251
252
255
260
265
269
273
274
296
300
304
307
310
319
322
324
325
337
339
346
346
347
353
354
355
359
365
365
368
369
370
370
371
381
385
391
396
397
399
400
401
402
403
409
412
415
415
421
421
423
428
432
436
436
438
440
440
441
444
448
449
450
452
452
452
453
454
469
477
484
485
487
489
492
492
493
496
506
506
511
512
513
516
518
521
527
540
541
542
543
544
547
548
549
549
553
554
557
566
572
572
580
583
592
593
594
600
601
602
603
603
605
606
609
614
619
620
624
624
625
631
632
634
641
643
645
650
652
653
657
661
664
666
667
670
672
673
674
677
680
684
684
689
691
693
694
698
702
707
718
719
726
728
729
729
732
732
734
741
745
748
751
751
761
766
772
775
776
777
777
781
783
787
792
792
812
815
826
827
832
833
833
835
838
840
842
853
854
856
858
862
863
866
872
873
880
883
886
887
887
890
890
897
900
903
903
904
906
906
907
910
911
915
923
925
931
937
947
947
948
948
950
951
952
961
968
970
970
971
971
977
977
982
983
983
990
992
