4
7
8
25
26
33
37
39
63
63
68
69
70
71
97
102
106
112
112
121
149
156
170
172
181
186
188
193
194
203
214
218
219
227
245
255
266
273
290
312
312
321
322
327
334
342
343
345
345
351
364
375
377
394
405
407
413
417
425
434
436
453
473
475
481
484
489
495
499
500
500
502
517
518
525
527
528
530
533
533
533
538
538
540
543
550
556
563
565
570
571
574
579
590
601
604
606
611
615
617
620
622
627
627
643
645
647
655
664
667
691
695
699
700
710
736
736
737
739
756
768
770
806
811
832
835
839
842
843
844
845
846
849
855
865
867
868
876
877
877
885
888
893
911
911
915
916
930
930
932
934
934
944
952
955
958
960
965
978
992
