1
4
8
15
26
33
41
50
70
77
89
103
109
114
121
123
127
136
146
147
151
153
154
158
159
162
169
178
181
187
199
201
206
210
215
216
219
226
228
233
245
246
258
275
283
291
301
304
307
312
318
325
340
347
355
357
359
361
367
372
381
384
394
401
404
409
410
415
429
439
452
454
455
464
478
490
490
490
493
528
531
562
591
594
606
629
640
644
654
656
663
664
668
668
684
687
691
693
703
706
719
721
725
726
727
728
731
733
734
734
736
740
750
752
754
779
779
785
786
798
804
808
816
818
820
832
842
850
852
858
874
876
896
900
901
910
917
918
929
930
930
931
932
934
935
938
939
949
950
956
960
962
969
971
972
972
972
972
992
996
