0
1
4
4
4
5
7
8
18
25
26
29
30
33
37
39
47
61
63
63
68
69
69
70
71
75
78
79
82
84
95
96
97
101
102
104
106
112
112
113
121
121
122
127
136
139
140
141
149
149
154
156
157
170
172
172
181
186
188
193
193
194
203
204
206
212
212
214
214
216
218
219
221
227
234
244
245
255
258
266
267
270
273
274
276
278
281
281
282
288
290
291
291
301
307
312
312
319
320
321
322
322
323
325
327
334
339
342
343
345
345
351
351
354
355
356
364
364
370
375
377
385
394
404
404
405
405
407
411
413
417
418
418
425
430
432
434
436
448
453
453
461
470
472
473
475
481
484
485
489
495
499
500
500
502
503
504
511
517
517
517
518
520
525
527
528
530
533
533
533
538
538
540
543
544
550
555
555
556
561
563
565
570
570
571
573
574
579
580
590
596
601
604
606
611
613
615
617
620
622
627
627
643
645
645
647
648
655
656
657
664
667
671
673
678
680
681
684
688
691
695
698
699
699
700
704
710
711
722
724
728
736
736
737
739
743
750
756
765
767
768
770
773
773
783
786
787
792
806
811
813
819
820
821
822
829
832
835
839
842
843
844
845
846
849
855
859
859
865
867
868
869
874
876
877
877
885
888
892
893
895
895
911
911
914
915
916
918
919
920
922
925
925
930
930
932
934
934
936
941
944
952
954
955
956
958
958
960
965
969
978
981
985
986
989
992
995
995
996
999
