0
0
6
9
9
15
18
18
18
21
21
25
26
39
42
44
45
45
48
60
62
79
81
84
110
110
134
135
142
149
156
169
171
175
177
178
180
192
198
201
208
219
230
233
233
233
271
278
288
292
296
301
315
316
321
335
354
363
364
366
369
371
377
386
389
393
403
418
420
423
426
431
456
464
472
477
489
491
498
515
521
537
555
566
570
571
571
574
574
584
587
590
602
606
609
621
627
632
638
640
642
647
653
656
662
671
679
681
686
689
692
697
703
707
711
723
723
743
750
754
767
767
781
782
783
789
790
793
797
813
833
838
838
840
840
850
854
855
862
864
873
875
882
884
895
900
912
935
935
940
945
952
955
958
962
976
984
991
992
998
