0
16
25
40
43
45
47
49
52
56
57
60
62
73
79
92
135
135
138
139
140
154
161
183
187
189
194
195
203
203
211
228
231
234
235
241
245
248
249
255
258
260
266
272
275
276
279
281
289
293
298
322
327
327
342
354
369
371
385
411
411
414
430
432
433
433
441
458
458
462
466
478
483
483
489
490
497
501
504
518
529
530
544
550
550
553
566
569
571
578
586
586
590
604
610
613
617
622
622
625
629
631
641
643
643
643
644
647
647
651
655
671
673
673
681
690
695
696
698
715
721
722
734
741
746
756
763
767
790
793
797
809
809
810
811
817
835
847
853
864
867
867
873
875
877
878
898
912
926
943
944
953
963
964
973
977
980
982
994
999
