0
2
6
9
32
33
35
44
45
48
72
93
94
98
108
111
112
113
116
121
129
134
140
143
147
148
160
167
167
176
187
194
196
200
206
230
235
236
241
242
243
246
266
269
272
276
277
281
284
290
312
313
324
332
334
352
356
356
361
363
364
392
396
398
401
411
411
413
417
428
428
436
444
450
456
458
459
460
461
471
475
484
486
508
515
522
523
524
538
542
549
550
554
554
554
564
565
583
589
591
605
607
624
630
634
637
641
643
647
658
669
674
682
684
686
689
690
701
711
717
723
725
740
740
750
760
762
769
769
778
783
785
785
812
833
834
844
849
851
863
869
873
873
880
882
903
903
906
912
918
921
922
928
934
941
944
977
991
996
998
