0
1
2
4
6
8
9
15
26
32
33
33
35
41
44
45
48
50
70
72
77
89
93
94
98
103
108
109
111
112
113
114
116
121
121
123
127
129
134
136
140
143
146
147
147
148
151
153
154
158
159
160
162
167
167
169
176
178
181
187
187
194
196
199
200
201
206
206
210
215
216
219
226
228
230
233
235
236
241
242
243
245
246
246
258
266
269
272
275
276
277
281
283
284
290
291
301
304
307
312
312
313
318
324
325
332
334
340
347
352
355
356
356
357
359
361
361
363
364
367
372
381
384
392
394
396
398
401
401
404
409
410
411
411
413
415
417
428
428
429
436
439
444
450
452
454
455
456
458
459
460
461
464
471
475
478
484
486
490
490
490
493
508
515
522
523
524
528
531
538
542
549
550
554
554
554
562
564
565
583
589
591
591
594
605
606
607
624
629
630
634
637
640
641
643
644
647
654
656
658
663
664
668
668
669
674
682
684
684
686
687
689
690
691
693
701
703
706
711
717
719
721
723
725
725
726
727
728
731
733
734
734
736
740
740
740
750
750
752
754
760
762
769
769
778
779
779
783
785
785
785
786
798
804
808
812
816
818
820
832
833
834
842
844
849
850
851
852
858
863
869
873
873
874
876
880
882
896
900
901
903
903
906
910
912
917
918
918
921
922
928
929
930
930
931
932
934
934
935
938
939
941
944
949
950
956
960
962
969
971
972
972
972
972
977
991
992
996
996
998
