0
2
4
5
5
14
25
26
39
40
63
66
69
69
91
96
113
115
116
124
126
129
139
152
153
157
162
164
167
167
169
176
198
207
207
213
217
230
235
239
243
244
249
251
268
280
281
292
294
297
313
314
321
326
327
332
335
339
340
343
346
347
353
354
361
362
368
376
377
381
385
400
400
413
414
421
434
435
437
443
445
453
462
464
468
468
473
480
481
488
489
493
498
503
503
514
528
530
532
539
541
547
565
569
576
584
596
597
599
604
620
631
632
632
633
647
649
649
651
662
670
692
698
712
719
721
726
738
751
753
754
777
793
795
799
800
814
816
816
824
829
840
842
847
867
872
889
896
897
899
905
907
911
913
919
920
929
936
950
963
