1
4
11
13
18
32
37
47
51
61
67
80
80
99
101
108
122
123
129
132
134
138
147
151
152
156
162
163
171
187
189
195
199
207
209
218
231
239
240
241
254
260
260
262
264
268
280
285
289
289
291
298
307
310
312
316
322
335
377
381
381
382
387
391
425
432
444
450
454
472
474
476
484
486
492
494
499
500
535
537
545
551
563
570
572
578
578
581
588
590
594
602
603
610
620
626
627
640
651
654
657
661
679
685
703
719
722
727
729
732
736
738
742
742
751
767
774
783
784
785
786
791
803
811
812
814
828
833
842
842
845
855
861
862
864
866
885
886
889
891
898
905
908
913
917
917
918
918
918
931
942
945
955
963
964
971
971
973
982
997
