2
5
9
10
18
18
22
23
33
38
38
39
41
42
44
47
52
54
60
65
65
66
67
74
75
81
81
88
90
91
92
95
98
101
102
103
107
112
112
112
114
119
119
119
122
123
124
126
130
130
134
138
145
147
148
149
152
152
155
155
155
157
157
157
159
159
161
175
176
178
181
182
185
188
189
192
193
193
197
208
211
212
213
216
217
218
218
222
225
229
230
230
234
236
238
240
241
245
248
252
256
259
259
266
269
273
274
289
293
295
296
298
301
302
302
303
303
306
309
310
310
312
316
325
328
332
336
339
340
346
348
360
361
364
364
365
370
373
384
387
395
405
407
407
408
408
413
415
426
427
427
434
434
434
437
437
454
455
456
458
459
459
460
461
467
468
470
472
476
479
480
483
484
484
489
492
500
504
512
513
513
517
520
520
521
523
530
531
533
538
539
541
545
553
555
555
556
563
564
565
565
566
567
567
569
582
582
586
587
589
592
601
603
603
606
621
622
625
627
627
628
630
635
635
639
661
668
674
677
679
681
684
688
689
691
691
693
701
701
708
722
724
724
724
730
734
737
737
741
744
750
753
756
757
761
767
769
776
780
788
789
795
801
804
806
808
809
810
819
824
838
840
841
844
845
853
856
861
863
869
871
873
882
887
888
896
905
908
913
917
917
919
921
923
925
926
937
939
940
946
946
947
950
951
955
956
958
958
959
960
978
978
978
983
985
987
989
989
992
994
