994
989
372
59
792
341
571
448
669
595
573
417
862
869
876
733
622
461
826
803
62
118
10
377
183
583
931
761
114
723
627
515
835
854
118
852
885
61
839
158
853
622
426
394
647
843
534
277
819
918
560
502
466
609
415
423
487
862
754
924
185
664
290
414
526
743
105
185
530
933
90
555
609
279
909
529
826
242
136
924
382
546
469
160
830
532
135
196
787
88
916
285
174
485
418
532
246
703
489
457
924
87
918
2
218
400
827
722
745
617
383
75
612
38
739
64
193
554
331
647
563
137
958
650
606
913
238
127
74
362
395
377
114
513
469
74
24
190
374
222
271
661
445
881
31
250
352
888
780
770
550
8
686
834
636
253
852
396
275
278
645
88
582
124
665
204
99
706
90
384
783
787
446
365
613
390
48
353
751
851
655
866
373
958
75
111
576
913
790
258
4
46
805
149
86
502
307
324
32
350
856
402
986
837
147
176
961
713
612
996
487
879
379
269
76
767
355
167
930
192
459
858
509
627
267
862
889
93
596
357
12
139
792
506
267
614
739
151
997
172
867
454
881
756
669
309
288
462
508
616
31
550
715
740
138
511
270
752
565
420
570
264
964
35
57
955
924
335
731
115
323
463
807
794
678
278
47
371
642
981
533
650
52
503
887
799
162
637
233
713
946
98
403
642
643
989
156
162
921
353
436
818
291
807
940
23
705
419
506
51
433
326
103
194
663
774
432
428
425
547
411
156
766
992
65
880
300
92
593
854
542
305
624
87
656
108
934
248
525
475
153
317
279
723
219
61
681
457
598
679
6
549
553
174
330
372
975
310
331
743
531
218
54
276
177
988
234
113
281
834
94
229
883
661
770
776
868
109
732
166
68
419
877
865
557
690
162
72
656
373
937
793
444
70
359
953
753
977
561
562
951
554
421
105
16
255
128
624
677
396
907
198
632
484
549
792
125
619
666
645
397
766
775
707
777
2
650
777
428
59
544
347
42
751
215
322
970
112
866
96
572
337
415
684
826
838
741
858
423
21
776
516
906
602
624
719
600
542
66
107
369
947
123
670
450
493
553
53
904
236
436
873
432
863
244
745
603
728
25
977
734
260
620
144
961
566
29
990
265
310
355
370
477
211
923
196
512
729
527
580
385
783
897
634
748
572
812
652
982
840
492
606
114
158
169
173
75
73
971
761
64
173
521
220
49
441
910
214
667
444
903
449
36
213
557
220
273
890
625
983
702
454
402
900
51
153
903
592
150
421
506
513
883
403
487
694
438
399
51
787
114
815
781
631
198
452
643
792
689
222
937
772
887
605
842
872
121
452
452
890
129
950
440
120
856
833
751
365
698
179
968
911
469
371
245
672
583
43
948
977
251
116
400
673
693
234
381
543
641
192
269
210
657
195
971
7
26
8
34
506
252
359
593
674
415
144
25
854
931
304
492
34
453
412
726
112
970
346
729
104
325
594
274
511
732
47
353
307
2
354
952
238
541
160
827
409
365
832
149
346
664
485
176
9
680
401
339
448
915
166
391
70
948
115
518
718
368
906
548
13
609
319
653
691
684
603
193
853
114
947
601
370
549
925
440
886
862
983
33
120
732
300
324
436
992
614
833
880
246
835
887
141
547
540
489
157
131
661
496
296
499
976
978
344
348
204
915
747
135
819
631
813
284
881
594
833
309
497
493
328
372
723
719
881
51
994
666
251
323
421
477
750
51
538
143
50
476
305
85
930
497
491
633
609
753
735
31
685
776
885
867
832
735
434
73
752
544
155
898
61
346
237
469
90
656
540
888
785
657
766
942
178
458
657
884
144
292
533
886
364
949
758
78
754
959
971
317
767
291
155
67
312
587
886
54
226
203
329
580
514
581
838
636
808
705
207
217
766
685
947
485
351
720
120
660
205
963
622
806
579
60
933
880
514
390
723
720
247
254
855
830
33
560
641
141
852
750
421
122
690
2
807
890
385
978
154
207
205
616
126
539
643
777
395
520
122
715
843
513
581
685
820
135
124
184
320
905
223
593
121
396
152
256
257
550
623
255
374
39
833
394
825
827
370
177
572
308
697
790
229
701
153
353
841
548
705
978
202
506
873
374
833
795
571
56
915
963
798
394
786
853
387
34
820
934
286
470
770
356
51
772
919
424
543
749
602
324
993
55
952
312
939
31
937
700
699
270
20
324
370
198
41
377
543
193
127
741
184
988
735
224
417
400
148
351
134
650
9
583
659
780
728
134
909
959
828
765
780
672
600
192
691
86
594
33
504
102
836
405
284
845
802
576
592
651
518
339
279
783
355
960
980
416
337
885
774
656
72
578
709
605
616
136
149
756
858
589
163
224
263
7
388
596
52
838
103
398
146
86
447
476
463
266
1
789
396
231
186
394
560
315
182
637
130
398
337
829
360
813
255
910
111
216
35
889
477
850
358
66
825
792
389
316
853
144
690
939
482
254
612
863
664
398
860
215
453
547
200
520
900
133
517
52
623
942
660
121
120
527
805
289
172
808
285
805
894
724
89
776
291
106
491
833
396
148
515
320
304
132
195
282
704
295
840
747
737
988
746
100
250
513
85
562
799
297
908
14
960
277
477
742
796
662
393
809
563
447
197
129
968
346
447
472
584
14
427
943
246
716
986
695
501
840
193
902
452
894
774
244
586
878
523
460
400
177
169
689
922
386
386
663
448
676
906
998
90
633
952
103
956
694
433
494
40
577
632
502
180
352
304
680
628
51
441
398
93
951
116
418
336
931
144
451
626
559
500
981
670
779
710
860
831
358
663
460
720
494
565
389
487
208
977
42
414
441
151
515
613
970
125
643
936
570
278
182
416
43
296
411
822
18
781
670
164
666
924
592
232
715
979
79
487
435
484
252
904
454
429
929
592
575
843
373
267
975
491
361
922
439
653
803
255
518
180
470
725
754
296
574
270
374
835
232
60
95
889
82
843
924
69
562
722
112
825
634
455
657
542
969
591
979
377
850
42
692
18
336
916
592
852
434
679
273
227
311
14
3
784
812
923
764
35
806
909
592
692
123
354
622
402
113
376
472
883
82
780
867
653
137
930
644
803
204
612
536
541
235
233
378
442
888
930
627
620
172
425
342
290
867
710
26
405
691
885
960
345
525
739
934
849
193
911
518
664
570
695
266
604
39
839
499
978
574
911
556
601
952
69
667
843
877
312
835
413
37
540
375
855
351
25
4
934
930
102
627
407
533
170
203
846
528
343
364
500
617
321
647
394
868
322
502
106
806
149
475
965
590
736
194
579
538
736
70
955
533
8
844
615
63
63
377
453
932
811
345
273
893
186
699
214
737
500
71
533
606
571
495
434
538
992
97
915
527
112
655
832
611
550
156
643
756
334
768
530
565
7
842
865
68
255
876
227
121
916
543
417
181
436
219
188
484
112
622
645
877
700
473
517
845
218
327
770
489
33
958
245
481
563
944
312
258
157
355
711
986
30
684
61
47
276
404
743
96
339
820
95
920
503
84
149
648
234
544
356
78
461
792
999
127
121
79
270
678
561
996
204
354
613
520
925
985
448
895
919
767
511
914
291
418
140
555
212
821
704
82
1
936
320
29
570
4
504
680
172
301
323
981
673
969
895
989
786
698
291
281
995
267
216
954
113
221
0
104
688
206
773
958
699
722
874
4
278
319
859
829
385
517
656
485
657
941
724
596
892
470
282
555
869
405
956
472
453
925
404
773
214
351
783
580
995
5
101
281
139
645
822
922
364
787
274
325
430
411
728
75
122
819
193
765
212
681
288
141
370
517
750
69
244
154
432
418
136
918
859
307
18
573
671
322
813
298
553
617
161
203
462
40
140
154
248
673
625
943
999
430
249
47
681
631
195
530
926
647
241
811
25
73
790
371
483
16
835
622
690
433
60
483
571
643
550
433
276
411
793
43
245
258
953
275
234
878
613
57
135
809
441
912
671
767
490
643
289
272
92
369
853
458
544
414
944
228
52
817
873
139
644
497
722
655
982
327
0
673
322
647
756
466
45
980
203
432
478
977
231
293
964
847
342
643
385
810
867
994
604
327
550
698
504
135
809
411
629
354
279
973
586
183
458
864
695
963
529
622
586
610
721
875
696
715
746
867
877
797
187
641
569
501
898
266
255
763
734
741
138
189
235
489
260
194
49
578
518
651
211
56
281
79
590
62
566
642
93
586
978
463
463
37
880
48
739
19
488
814
727
936
856
0
52
341
952
499
628
177
290
339
620
278
821
882
253
807
31
961
15
497
479
524
118
868
190
511
282
784
662
8
173
18
392
949
95
714
172
866
738
878
583
477
94
310
403
124
860
618
892
325
898
188
153
969
608
292
33
911
284
692
257
8
777
402
773
846
59
514
497
670
527
198
929
326
94
310
331
187
452
225
441
367
36
798
917
721
563
603
978
414
199
840
937
76
706
546
599
808
133
24
718
552
904
618
971
621
361
229
164
379
120
232
625
352
798
670
980
297
956
881
781
986
343
946
696
728
763
611
202
913
149
565
3
66
692
233
622
219
69
464
877
586
160
771
200
835
772
10
4
460
250
649
550
41
40
2
25
388
526
115
802
856
744
143
53
346
786
409
221
762
987
516
11
939
229
161
886
315
930
545
266
875
563
532
896
110
788
935
62
52
519
593
656
609
511
113
252
754
309
443
691
327
628
650
839
458
500
564
521
899
778
171
803
766
814
911
87
487
409
258
748
938
356
248
225
71
160
834
832
541
772
216
687
88
412
545
511
722
822
641
225
946
518
621
574
575
889
581
212
887
208
730
984
139
908
612
324
731
674
321
20
501
223
849
765
971
819
953
220
511
872
207
549
734
200
109
618
613
790
405
329
105
128
11
792
292
448
199
280
318
458
908
204
630
408
360
528
305
544
356
353
473
313
890
633
111
880
1000
207
722
797
972
626
674
908
321
463
221
818
163
86
463
507
896
82
777
928
323
786
485
657
622
647
776
954
784
364
153
776
449
5
926
619
251
574
515
235
89
720
599
579
954
562
350
553
217
819
306
390
521
713
626
755
660
348
764
897
108
531
819
423
76
221
89
554
252
87
599
908
617
872
604
169
973
505
377
223
86
207
749
571
600
1
216
122
77
366
612
702
861
982
606
832
608
767
577
643
677
679
598
983
733
968
577
58
228
851
808
201
660
820
462
567
733
21
780
884
837
431
987
541
476
777
211
645
541
415
904
830
578
612
548
942
446
956
672
909
997
827
432
375
689
166
284
956
266
973
524
161
910
247
700
352
482
350
180
288
797
952
393
110
15
62
498
840
606
840
521
723
472
110
219
0
177
850
192
945
386
42
6
233
935
656
363
998
156
662
571
134
377
335
838
697
711
271
171
464
555
833
882
9
426
984
976
854
39
723
955
537
767
566
781
686
875
783
48
418
178
354
602
653
21
855
149
169
707
703
621
491
789
515
301
935
864
489
0
389
754
45
790
679
230
175
60
574
671
201
940
793
292
912
316
571
862
278
18
632
18
198
884
642
609
992
767
477
681
590
743
895
21
640
25
423
403
962
371
574
900
84
991
692
958
813
233
26
81
18
570
873
296
135
638
838
782
44
364
587
315
321
456
647
420
45
750
79
369
627
208
142
431
366
584
233
9
689
5
727
567
284
20
515
476
583
859
357
193
293
935
342
412
949
857
70
61
677
469
376
331
646
693
670
80
890
184
242
312
478
75
100
570
235
331
178
438
458
478
995
505
350
730
102
470
124
777
893
249
982
765
611
262
416
228
640
271
572
995
403
416
587
331
461
358
142
869
630
664
679
36
211
812
973
68
666
504
44
826
298
129
591
952
811
566
418
156
782
683
555
613
419
213
38
766
156
876
540
57
945
891
325
339
296
296
226
995
427
700
602
41
87
356
484
731
889
728
369
412
233
915
364
690
164
598
636
127
728
395
387
39
662
769
795
116
519
887
635
928
535
71
546
549
834
740
135
846
797
978
383
184
687
139
61
584
848
116
115
582
66
178
218
325
937
520
955
677
289
913
340
328
41
112
639
216
33
905
679
741
684
940
122
565
556
756
407
18
159
627
302
364
569
130
303
458
701
587
302
563
310
761
256
346
67
460
810
312
273
950
60
218
54
293
959
212
124
52
9
734
434
956
266
437
295
454
801
661
819
298
119
211
737
530
229
479
951
545
309
157
373
98
193
90
921
427
123
2
708
856
489
149
806
553
483
147
119
310
919
500
240
517
630
603
332
693
188
230
408
248
873
789
555
360
114
841
960
95
871
689
804
193
625
18
361
148
983
882
896
472
65
539
161
303
155
926
621
744
306
767
688
564
869
606
589
185
145
274
674
75
628
555
252
946
520
81
301
408
513
724
603
978
10
994
176
566
269
225
47
863
152
567
730
245
459
38
958
119
42
182
541
824
155
74
395
504
753
724
91
592
691
107
513
795
38
387
437
722
958
65
134
567
853
88
316
470
757
192
5
461
155
989
175
130
701
565
222
426
533
635
622
208
159
476
336
467
103
213
809
348
769
181
635
370
241
415
234
492
978
512
101
917
586
413
480
776
157
845
538
92
861
459
364
668
750
939
384
780
992
582
23
844
978
138
691
434
22
917
427
296
601
434
788
259
339
126
808
189
217
888
112
365
681
456
523
947
627
925
724
407
468
887
840
81
737
987
989
230
923
908
152
259
521
44
946
985
484
405
112
102
531
484
838
238
39
157
197
236
455
842
335
578
444
450
199
67
231
917
917
195
845
298
138
803
209
736
942
964
307
786
108
207
862
891
886
500
240
18
535
602
551
729
264
722
123
189
377
594
842
918
719
382
32
254
742
51
866
861
791
101
472
727
425
814
241
492
864
387
1
80
889
640
37
918
784
134
163
268
147
898
291
432
654
122
218
855
99
486
578
391
312
997
171
260
767
499
129
454
971
239
610
620
971
132
4
685
545
627
833
751
931
316
811
13
151
679
783
742
289
603
474
572
280
590
285
651
61
774
563
381
152
156
80
812
11
703
661
908
738
187
162
262
955
945
289
982
963
905
913
785
484
570
885
581
588
828
537
47
626
732
322
973
260
657
310
381
918
476
494
725
244
634
108
646
411
289
432
78
327
896
754
729
109
881
493
178
397
314
652
146
316
706
78
676
205
331
234
261
421
731
423
189
798
271
703
612
611
927
918
124
117
651
571
860
998
12
494
372
297
970
508
843
684
930
555
350
115
499
984
250
244
556
960
923
133
548
211
403
137
157
553
677
3
725
902
651
546
82
752
66
463
685
299
887
136
188
682
914
491
866
39
665
248
510
358
777
152
712
292
443
8
666
429
683
608
889
711
428
873
503
954
723
809
980
686
542
89
476
751
6
362
178
393
0
596
274
778
485
71
467
147
1000
828
173
78
137
656
780
551
18
971
638
768
11
144
655
953
242
125
655
575
644
443
883
698
584
903
309
435
324
583
630
684
834
944
93
634
740
140
565
717
413
869
460
998
475
332
456
167
243
147
108
641
873
290
778
428
230
396
515
760
762
9
785
669
863
605
194
977
550
471
591
401
417
783
206
740
176
444
723
334
284
538
398
269
428
459
674
32
903
72
880
554
121
461
941
882
812
116
246
903
643
637
44
851
312
276
35
542
361
918
45
549
241
313
921
769
392
658
48
94
363
849
143
148
235
991
187
277
873
996
686
272
769
356
607
523
508
411
682
554
111
711
928
160
785
281
564
589
844
906
701
486
833
725
450
554
98
750
352
134
356
129
266
167
2
236
112
242
200
912
113
690
0
458
436
922
33
196
364
484
522
689
411
524
647
934
6
624
528
146
656
219
355
930
719
50
409
931
199
357
26
312
187
779
754
629
858
147
215
918
158
664
478
114
594
127
910
103
736
206
820
1
367
938
394
490
404
917
691
291
972
896
725
121
307
726
900
684
359
874
318
562
246
950
733
70
956
971
154
410
934
301
401
703
464
490
89
740
972
455
850
531
654
721
785
972
77
668
429
228
640
8
750
663
41
935
932
381
151
644
996
734
929
216
490
361
283
33
804
606
15
201
842
372
245
687
109
779
962
123
452
169
591
493
992
325
731
136
4
960
439
808
786
816
734
727
752
972
181
832
304
162
728
693
233
210
178
798
668
901
939
159
852
876
949
454
258
384
930
153
818
969
340
347
275
415
706
226
952
563
188
414
415
791
562
630
855
264
974
362
153
287
156
537
942
328
953
362
151
557
337
823
833
975
290
533
265
465
199
886
615
360
669
733
678
336
879
26
463
736
899
149
639
642
590
877
122
281
1
189
315
604
396
378
763
104
298
170
262
228
224
810
682
934
970
316
6
261
612
370
390
968
618
543
231
576
698
808
538
415
308
561
94
480
944
601
225
203
604
765
141
453
102
194
164
363
84
428
340
805
921
779
205
594
859
704
734
765
79
127
730
495
559
919
192
496
872
981
405
986
331
669
793
531
122
478
800
389
304
223
306
136
843
152
370
701
56
720
293
105
127
960
297
525
566
668
320
471
782
869
702
197
146
244
789
652
196
505
711
569
878
902
870
514
958
334
891
982
22
766
64
869
689
904
550
908
926
342
863
891
642
638
396
770
913
18
29
961
519
676
58
436
664
868
995
439
34
263
981
895
588
258
862
862
716
201
166
595
677
756
526
60
442
836
296
975
350
836
407
713
218
105
702
655
793
884
296
814
699
134
712
817
272
10
819
579
930
883
849
251
952
160
1000
267
850
341
400
583
688
18
458
431
17
781
852
174
316
227
701
96
76
551
672
200
930
392
38
361
468
929
979
403
638
398
610
931
870
521
552
19
320
523
20
63
886
716
725
389
869
850
99
457
461
682
622
730
411
483
258
551
547
425
275
598
29
65
977
762
495
387
95
519
468
91
892
136
699
107
207
292
321
528
4
936
963
421
153
480
217
230
498
649
115
719
453
565
488
662
670
919
368
753
530
281
829
414
481
913
896
493
503
632
437
25
207
599
167
539
340
69
157
604
721
468
514
576
872
362
96
751
867
162
434
385
169
633
235
280
468
547
129
905
795
69
532
243
435
692
793
842
400
816
5
754
489
294
126
335
198
541
313
113
5
14
596
167
799
176
314
738
462
244
929
26
899
332
124
381
2
800
346
327
347
897
152
164
620
40
39
66
63
297
632
907
445
911
377
251
326
950
139
249
651
413
353
354
920
376
597
91
473
0
777
339
649
503
268
814
840
400
698
726
712
631
239
816
116
361
569
213
443
584
889
847
464
824
647
343
911
533
851
635
313
22
134
726
885
993
954
326
443
9
561
312
666
499
663
217
183
101
894
213
279
458
501
287
227
763
898
573
524
675
960
39
548
401
227
998
398
52
399
134
949
596
758
23
377
975
438
328
700
255
658
147
59
854
331
213
814
192
692
901
675
365
830
253
420
633
274
477
959
851
38
627
753
141
747
412
883
402
757
367
258
483
408
808
757
113
807
303
310
904
772
615
189
17
854
302
41
335
564
463
411
194
208
312
792
36
968
544
465
553
126
708
655
146
591
35
756
797
87
433
662
672
690
594
467
50
569
447
54
400
112
381
338
683
803
972
188
234
499
150
303
784
26
36
542
457
203
881
500
836
716
829
338
418
466
464
134
46
311
339
284
150
315
942
712
870
929
816
920
409
718
789
134
189
564
508
82
638
454
755
155
692
276
224
984
360
245
753
700
905
871
176
396
497
607
296
554
414
563
641
464
112
951
995
906
763
128
903
610
77
417
588
261
513
52
16
75
170
952
43
214
998
154
860
555
95
113
196
588
239
208
986
460
928
132
443
433
546
52
781
282
486
688
990
391
285
682
426
580
134
946
138
923
330
832
148
77
500
316
143
900
688
552
285
366
628
463
100
56
795
264
641
737
53
42
396
806
997
813
645
610
303
681
208
924
694
1
819
87
323
699
551
590
679
117
33
113
333
65
380
295
127
943
73
753
602
89
235
110
786
760
0
78
651
359
951
824
824
842
817
177
389
410
900
433
862
924
930
761
664
635
303
508
682
177
922
898
746
931
78
913
104
161
109
357
233
589
748
394
552
265
417
60
890
918
891
531
778
141
44
155
898
102
652
543
276
623
431
194
46
813
798
474
871
634
31
931
343
37
821
228
970
583
380
229
545
663
605
972
9
750
970
586
128
290
126
401
562
156
414
768
169
789
721
373
623
430
430
54
662
91
388
395
578
150
105
608
755
721
658
485
344
188
976
440
419
562
500
887
179
531
397
508
37
369
790
154
681
95
725
412
422
511
818
99
446
33
789
213
756
454
356
98
922
20
171
858
961
488
778
266
917
34
784
722
993
181
716
991
299
122
250
768
563
86
788
333
369
658
580
809
780
169
855
792
400
584
655
392
225
493
349
924
863
144
9
793
946
626
136
335
825
607
409
626
881
293
440
538
20
466
737
561
209
773
311
157
103
648
676
663
125
519
147
18
567
187
695
836
537
529
769
582
852
908
833
886
192
952
540
253
113
579
783
697
733
428
43
52
184
71
785
14
170
676
806
139
193
989
805
351
292
805
571
716
376
298
533
499
486
879
627
782
551
446
665
156
500
212
687
256
776
459
995
168
619
903
812
963
677
535
806
885
777
106
892
976
960
627
63
123
82
547
175
839
590
504
906
252
281
769
347
129
150
815
936
885
640
621
665
907
879
629
818
683
754
486
635
506
876
969
670
784
786
743
748
208
988
833
763
329
622
972
761
265
876
202
10
613
464
392
32
790
748
543
774
346
340
47
408
15
271
288
452
521
44
216
154
407
167
813
385
410
999
571
447
149
970
397
554
154
545
573
905
486
468
678
577
488
161
606
683
430
326
87
514
57
104
343
608
331
369
779
967
863
975
858
868
817
57
545
982
313
711
973
754
581
625
218
253
394
509
342
951
554
401
69
127
444
168
780
878
919
808
680
907
49
360
317
583
502
528
818
956
553
325
507
687
27
351
790
110
670
497
458
877
722
200
791
881
723
548
118
447
802
828
733
960
989
362
284
405
305
689
71
535
658
440
858
606
803
492
114
895
906
218
836
460
459
927
318
842
582
823
544
675
968
62
77
400
5
747
601
556
839
926
499
331
382
952
127
359
565
757
665
945
328
898
691
186
132
435
885
709
8
997
489
941
409
585
435
172
391
990
271
827
891
855
288
670
112
760
495
903
310
877
326
347
458
54
231
188
611
393
549
971
950
653
294
814
787
71
767
46
59
439
118
727
74
482
278
742
521
920
873
453
24
758
45
98
765
653
310
395
922
434
846
59
967
110
858
197
80
953
923
781
202
466
443
648
492
356
617
760
219
805
563
644
345
644
493
255
327
260
86
697
