159
179
839
31
399
260
42
949
370
777
209
150
458
62
548
192
111
221
702
663
966
528
503
30
740
126
561
122
86
750
970
84
789
443
663
913
975
491
211
905
251
47
92
643
931
173
711
331
739
259
726
611
689
60
440
181
16
808
317
833
334
130
887
746
428
743
589
135
345
142
337
607
687
775
830
817
268
391
908
270
553
573
485
380
521
652
834
111
888
487
268
823
823
826
510
143
588
228
262
996
753
765
789
94
896
976
528
535
948
796
26
310
595
436
725
854
406
433
390
965
574
338
221
699
450
782
913
91
280
869
220
784
792
137
805
932
548
555
388
972
238
268
521
97
299
84
477
546
533
901
76
47
638
566
464
24
809
882
124
392
809
732
686
61
187
547
277
494
542
587
484
897
995
769
191
909
277
991
844
888
112
205
903
122
764
686
551
596
956
232
912
117
540
269
337
947
583
73
528
246
794
599
544
953
427
617
968
934
100
150
779
504
162
426
702
679
539
806
81
724
203
440
561
890
691
591
94
394
318
870
95
23
8
850
734
942
890
778
687
548
76
363
865
497
290
857
909
216
237
907
